# Spherical Bessel functions via up and down recursion
x          ans_down            ans_up             error           ans_gsl
0.10000000  7.27151100e-21  3.42674434e+02 1.00000000e+00 3.33000119e-02
0.20000000  7.44117253e-18 -1.37159336e-01 1.00000000e+00 6.64003807e-02
0.30000000  4.28629297e-16  3.90825579e-04 1.00000000e+00 9.91028880e-02
0.40000000  7.59990549e-15 -3.66289640e-04 1.00000000e+00 1.31212154e-01
0.50000000  7.06412396e-14 -2.15357267e-05 1.00000000e+00 1.62537031e-01
0.60000000  4.36346695e-13  3.81548434e-06 9.99999771e-01 1.92891957e-01
0.70000000  2.03269081e-12 -7.70117235e-07 1.00000000e+00 2.22098278e-01
0.80000000  7.70146281e-12 -3.54663507e-07 1.00000000e+00 2.49985505e-01
0.90000000  2.49167513e-11 -1.19853384e-07 1.00000000e+00 2.76392516e-01
1.00000000  7.11655264e-11 -2.27895530e-08 1.00000000e+00 3.01168679e-01
1.10000000  1.83742679e-10  5.86030228e-09 9.39198772e-01 3.24174898e-01
1.20000000  4.36434583e-10 -4.87672616e-09 1.00000000e+00 3.45284570e-01
1.30000000  9.66436816e-10 -1.53302670e-09 1.00000000e+00 3.64384443e-01
1.40000000  2.01587241e-09  2.26030055e-09 5.71604883e-02 3.81375372e-01
1.50000000  3.99344070e-09  3.44967523e-09 7.30561595e-02 3.96172971e-01
1.60000000  7.56302213e-09  7.33667275e-09 1.51915448e-02 4.08708140e-01
1.70000000  1.37674742e-08  1.37292040e-08 1.39181060e-03 4.18927492e-01
1.80000000  2.41973554e-08  2.41995347e-08 4.50289832e-05 4.26793642e-01
1.90000000  4.12158807e-08  4.12450617e-08 3.53877425e-04 4.32285392e-01
2.00000000  6.82530086e-08  6.83419910e-08 6.51432152e-04 4.35397775e-01
2.10000000  1.10183156e-07  1.10186860e-07 1.68076022e-05 4.36141992e-01
2.20000000  1.73802576e-07  1.73800116e-07 7.07783084e-06 4.34545219e-01
2.30000000  2.68423900e-07  2.68427971e-07 7.58338770e-06 4.30650295e-01
2.40000000  4.06606642e-07  4.06602432e-07 5.17783663e-06 4.24515295e-01
2.50000000  6.05043623e-07  6.05045591e-07 1.62630727e-06 4.16212989e-01
2.60000000  8.85624115e-07  8.85625841e-07 9.74510960e-07 4.05830197e-01
2.70000000  1.27669516e-06  1.27669838e-06 1.25992210e-06 3.93467032e-01
2.80000000  1.81454273e-06  1.81454283e-06 2.70944897e-08 3.79236059e-01
2.90000000  2.54511432e-06  2.54511372e-06 1.17072933e-07 3.63261356e-01
3.00000000  3.52600389e-06  3.52600290e-06 1.41151597e-07 3.45677500e-01
3.10000000  4.82871932e-06  4.82871959e-06 2.86083104e-08 3.26628473e-01
3.20000000  6.54125051e-06  6.54125077e-06 2.02067963e-08 3.06266517e-01
3.30000000  8.77095477e-06  8.77095484e-06 4.14131520e-09 2.84750923e-01
3.40000000  1.16477730e-05  1.16477727e-05 1.31764926e-08 2.62246778e-01
3.50000000  1.53277870e-05  1.53277872e-05 7.75816165e-09 2.38923688e-01
3.60000000  1.99971251e-05  1.99971251e-05 2.57509281e-10 2.14954464e-01
3.70000000  2.58762175e-05  2.58762175e-05 3.53173959e-10 1.90513804e-01
3.80000000  3.32243988e-05  3.32243988e-05 8.06840594e-10 1.65776968e-01
3.90000000  4.23448503e-05  4.23448502e-05 6.96858001e-10 1.40918463e-01
4.00000000  5.35898658e-05  5.35898658e-05 3.34704129e-10 1.16110749e-01
4.10000000  6.73664216e-05  6.73664217e-05 4.29168989e-10 9.15229667e-02
4.20000000  8.41420218e-05  8.41420218e-05 6.92106131e-12 6.73197096e-02
4.30000000  1.04450783e-04  1.04450783e-04 4.58832968e-11 4.36598433e-02
4.40000000  1.28899719e-04  1.28899719e-04 4.03643293e-11 2.06953799e-02
4.50000000  1.58175164e-04  1.58175164e-04 2.06329783e-11-1.42958125e-03
4.60000000  1.93049293e-04  1.93049293e-04 1.71578922e-11-2.25798384e-02
4.70000000  2.34386654e-04  2.34386654e-04 4.59725121e-12-4.26299927e-02
4.80000000  2.83150650e-04  2.83150650e-04 8.30447564e-12-6.14652660e-02
4.90000000  3.40409877e-04  3.40409877e-04 4.07909676e-12-7.89822250e-02
5.00000000  4.07344244e-04  4.07344244e-04 3.76288813e-12-9.50894081e-02
5.10000000  4.85250757e-04  4.85250757e-04 4.70747448e-12-1.09707850e-01
5.20000000  5.75548880e-04  5.75548880e-04 2.23302190e-12-1.22771500e-01
5.30000000  6.79785360e-04  6.79785360e-04 2.65657582e-12-1.34227534e-01
5.40000000  7.99638393e-04  7.99638392e-04 1.98783453e-12-1.44036558e-01
5.50000000  9.36921026e-04  9.36921026e-04 5.68241572e-13-1.52172697e-01
5.60000000  1.09358367e-03  1.09358367e-03 5.96240786e-13-1.58623583e-01
5.70000000  1.27171559e-03  1.27171559e-03 2.73498304e-13-1.63390225e-01
5.80000000  1.47354527e-03  1.47354527e-03 8.50338619e-13-1.66486783e-01
5.90000000  1.70143952e-03  1.70143952e-03 2.77002314e-13-1.67940230e-01
6.00000000  1.95790120e-03  1.95790120e-03 1.95697846e-13-1.67789923e-01
6.10000000  2.24556545e-03  2.24556545e-03 6.56634146e-15-1.66087073e-01
6.20000000  2.56719436e-03  2.56719436e-03 1.19772675e-13-1.62894131e-01
6.30000000  2.92566988e-03  2.92566988e-03 3.42418266e-14-1.58284089e-01
6.40000000  3.32398496e-03  3.32398496e-03 5.67545221e-14-1.52339704e-01
6.50000000  3.76523288e-03  3.76523288e-03 1.49734465e-14-1.45152653e-01
6.60000000  4.25259451e-03  4.25259451e-03 1.12178331e-14-1.36822630e-01
6.70000000  4.78932373e-03  4.78932373e-03 6.51971433e-15-1.27456386e-01
6.80000000  5.37873068e-03  5.37873068e-03 2.49949435e-15-1.17166730e-01
6.90000000  6.02416305e-03  6.02416305e-03 7.91892504e-16-1.06071486e-01
7.00000000  6.72898526e-03  6.72898526e-03 1.14720410e-14-9.42924323e-02
7.10000000  7.49655569e-03  7.49655569e-03 7.75199156e-15-8.19542212e-02
7.20000000  8.33020179e-03  8.33020179e-03 2.18657326e-14-6.91832871e-02
7.30000000  9.23319339e-03  9.23319339e-03 6.29394772e-15-5.61067603e-02
7.40000000  1.02087141e-02  1.02087141e-02 8.92110229e-15-4.28513902e-02
7.50000000  1.12598309e-02  1.12598309e-02 1.77172465e-15-2.95424872e-02
7.60000000  1.23894625e-02  1.23894625e-02 3.92044911e-15-1.63028936e-02
7.70000000  1.36003457e-02  1.36003457e-02 9.69379656e-15-3.25199028e-03
7.80000000  1.48950009e-02  1.48950009e-02 4.25091663e-15 9.49525090e-03
7.90000000  1.62756965e-02  1.62756965e-02 1.01254487e-14 2.18291641e-02
8.00000000  1.77444126e-02  1.77444126e-02 2.05299515e-15 3.36462268e-02
8.10000000  1.93028038e-02  1.93028038e-02 5.75161535e-15 4.48498317e-02
8.20000000  2.09521620e-02  2.09521620e-02 2.56662906e-15 5.53509878e-02
8.30000000  2.26933794e-02  2.26933794e-02 1.52883662e-15 6.50689454e-02
8.40000000  2.45269114e-02  2.45269114e-02 1.83891113e-15 7.39317404e-02
8.50000000  2.64527406e-02  2.64527406e-02 1.04925142e-15 8.18766545e-02
8.60000000  2.84703415e-02  2.84703415e-02 2.43723593e-16 8.88505882e-02
8.70000000  3.05786469e-02  3.05786469e-02 3.40379380e-16 9.48103454e-02
8.80000000  3.27760160e-02  3.27760160e-02 0.00000000e+00 9.97228269e-02
8.90000000  3.50602042e-02  3.50602042e-02 2.17705044e-15 1.03565133e-01
9.00000000  3.74283363e-02  3.74283363e-02 3.70782919e-16 1.06324578e-01
9.10000000  3.98768818e-02  3.98768818e-02 3.48015873e-16 1.07998611e-01
9.20000000  4.24016336e-02  4.24016336e-02 1.30917482e-15 1.08594651e-01
9.30000000  4.49976911e-02  4.49976911e-02 2.31308332e-16 1.08129841e-01
9.40000000  4.76594460e-02  4.76594460e-02 5.09576395e-16 1.06630715e-01
9.50000000  5.03805738e-02  5.03805738e-02 2.20367285e-15 1.04132791e-01
9.60000000  5.31540289e-02  5.31540289e-02 1.30543141e-16 1.00680085e-01
9.70000000  5.59720453e-02  5.59720453e-02 3.09926762e-16 9.63245691e-02
9.80000000  5.88261423e-02  5.88261423e-02 0.00000000e+00 9.11255554e-02
9.90000000  6.17071357e-02  6.17071357e-02 5.62244044e-17 8.51490309e-02
10.00000000  6.46051545e-02  6.46051545e-02 1.07404648e-16 7.84669418e-02
10.10000000  6.75096640e-02  6.75096640e-02 4.11134850e-16 7.11564354e-02
10.20000000  7.04094942e-02  7.04094942e-02 0.00000000e+00 6.32990673e-02
10.30000000  7.32928747e-02  7.32928747e-02 4.73367564e-16 5.49799820e-02
10.40000000  7.61474756e-02  7.61474756e-02 4.55622058e-16 4.62870729e-02
10.50000000  7.89604542e-02  7.89604542e-02 8.78780900e-17 3.73101314e-02
10.60000000  8.17185086e-02  8.17185086e-02 1.69824291e-16 2.81399911e-02
10.70000000  8.44079358e-02  8.44079358e-02 8.22066532e-17 1.88676766e-02
10.80000000  8.70146969e-02  8.70146969e-02 0.00000000e+00 9.58356275e-03
10.90000000  8.95244870e-02  8.95244870e-02 7.75083347e-17 3.76552669e-04
11.00000000  9.19228105e-02  9.19228105e-02 3.01944375e-16-8.66671805e-03
11.10000000  9.41950616e-02  9.41950616e-02 0.00000000e+00-1.74626450e-02
11.20000000  9.63266085e-02  9.63266085e-02 7.20350691e-17-2.59313792e-02
11.30000000  9.83028830e-02  9.83028830e-02 0.00000000e+00-3.39975067e-02
11.40000000  1.00109472e-01  1.00109472e-01 1.38626121e-16-4.15906771e-02
11.50000000  1.01732213e-01  1.01732213e-01 6.82074407e-17-4.86461769e-02
11.60000000  1.03157293e-01  1.03157293e-01 2.01795540e-16-5.51054422e-02
11.70000000  1.04371347e-01  1.04371347e-01 1.32965495e-16-6.09165078e-02
11.80000000  1.05361557e-01  1.05361557e-01 6.58579286e-17-6.60343891e-02
11.90000000  1.06115757e-01  1.06115757e-01 1.30779709e-16-7.04213942e-02
12.00000000  1.06622531e-01  1.06622531e-01 6.50790585e-17-7.40473640e-02
12.10000000  1.06871311e-01  1.06871311e-01 1.29855128e-16-7.68898396e-02
12.20000000  1.06852480e-01  1.06852480e-01 3.89634041e-16-7.89341557e-02
12.30000000  1.06557460e-01  1.06557460e-01 3.25593998e-16-8.01734615e-02
12.40000000  1.05978811e-01  1.05978811e-01 1.30948702e-15-8.06086676e-02
12.50000000  1.05110311e-01  1.05110311e-01 6.66755026e-15-8.02483225e-02
12.60000000  1.03947043e-01  1.03947043e-01 4.67278876e-16-7.91084198e-02
12.70000000  1.02485467e-01  1.02485467e-01 1.35412251e-16-7.72121386e-02
12.80000000  1.00723493e-01  1.00723493e-01 2.75562083e-16-7.45895204e-02
12.90000000  9.86605419e-02  9.86605419e-02 1.40661986e-16-7.12770870e-02
13.00000000  9.62975972e-02  9.62975972e-02 2.16170313e-16-6.73174031e-02
13.10000000  9.36372521e-02  9.36372521e-02 7.41039890e-17-6.27585876e-02
13.20000000  9.06837444e-02  9.06837444e-02 2.29552516e-16-5.76537806e-02
13.30000000  8.74429814e-02  8.74429814e-02 7.93533545e-17-5.20605700e-02
13.40000000  8.39225556e-02  8.39225556e-02 8.26821092e-17-4.60403844e-02
13.50000000  8.01317478e-02  8.01317478e-02 8.65935674e-17-3.96578575e-02
13.60000000  7.60815205e-02  7.60815205e-02 4.56017036e-16-3.29801713e-02
13.70000000  7.17844983e-02  7.17844983e-02 0.00000000e+00-2.60763840e-02
13.80000000  6.72549374e-02  6.72549374e-02 0.00000000e+00-1.90167488e-02
13.90000000  6.25086822e-02  6.25086822e-02 3.33020646e-16-1.18720303e-02
14.00000000  5.75631114e-02  5.75631114e-02 0.00000000e+00-4.71282500e-03
14.10000000  5.24370702e-02  5.24370702e-02 0.00000000e+00 2.39110791e-03
14.20000000  4.71507924e-02  4.71507924e-02 2.20745831e-16 9.37149930e-03
14.30000000  4.17258101e-02  4.17258101e-02 2.49446106e-16 1.61622006e-02
14.40000000  3.61848524e-02  3.61848524e-02 9.58811967e-17 2.26997864e-02
14.50000000  3.05517334e-02  3.05517334e-02 2.83899354e-16 2.89241233e-02
14.60000000  2.48512299e-02  2.48512299e-02 3.49021654e-16 3.47789012e-02
14.70000000  1.91089496e-02  1.91089496e-02 3.63122727e-16 4.02121214e-02
14.80000000  1.33511905e-02  1.33511905e-02 6.49651233e-16 4.51765377e-02
14.90000000  7.60479196e-03  7.60479196e-03 9.12437045e-16 4.96300475e-02
15.00000000  1.89697900e-03  1.89697900e-03 4.74379423e-15 5.35360290e-02
15.10000000 -3.74479981e-03 -3.74479981e-03 1.50551474e-15 5.68636226e-02
15.20000000 -9.29303965e-03 -9.29303965e-03 1.86669114e-16 5.95879537e-02
15.30000000 -1.47203507e-02 -1.47203507e-02 8.83839411e-16 6.16902965e-02
15.40000000 -1.99996322e-02 -1.99996322e-02 5.20426613e-16 6.31581771e-02
15.50000000 -2.51042486e-02 -2.51042486e-02 2.07302377e-16 6.39854158e-02
15.60000000 -3.00082055e-02 -3.00082055e-02 3.00603182e-15 6.41721097e-02
15.70000000 -3.46863251e-02 -3.46863251e-02 1.92045082e-14 6.37245543e-02
15.80000000 -3.91144198e-02 -3.91144198e-02 1.33049920e-15 6.26551088e-02
15.90000000 -4.32694614e-02 -4.32694614e-02 3.20729386e-16 6.09820037e-02
16.00000000 -4.71297468e-02 -4.71297468e-02 7.36148014e-16 5.87290952e-02
16.10000000 -5.06750562e-02 -5.06750562e-02 6.16181311e-16 5.59255687e-02
16.20000000 -5.38868053e-02 -5.38868053e-02 5.15071834e-16 5.26055950e-02
16.30000000 -5.67481875e-02 -5.67481875e-02 1.22275163e-16 4.88079425e-02
16.40000000 -5.92443077e-02 -5.92443077e-02 2.92808465e-16 4.45755498e-02
16.50000000 -6.13623036e-02 -6.13623036e-02 0.00000000e+00 3.99550638e-02
16.60000000 -6.30914564e-02 -6.30914564e-02 1.09981514e-16 3.49963467e-02
16.70000000 -6.44232868e-02 -6.44232868e-02 1.07707853e-16 2.97519588e-02
16.80000000 -6.53516387e-02 -6.53516387e-02 0.00000000e+00 2.42766200e-02
16.90000000 -6.58727461e-02 -6.58727461e-02 0.00000000e+00 1.86266575e-02
17.00000000 -6.59852858e-02 -6.59852858e-02 1.05158200e-16 1.28594438e-02
17.10000000 -6.56904134e-02 -6.56904134e-02 0.00000000e+00 7.03283099e-03
17.20000000 -6.49917817e-02 -6.49917817e-02 0.00000000e+00 1.20458654e-03
17.30000000 -6.38955431e-02 -6.38955431e-02 1.08597463e-16-4.56816403e-03
17.40000000 -6.24103337e-02 -6.24103337e-02 0.00000000e+00-1.02294822e-02
17.50000000 -6.05472394e-02 -6.05472394e-02 5.73014887e-17-1.57251440e-02
17.60000000 -5.83197457e-02 -5.83197457e-02 1.18980181e-16-2.10031463e-02
17.70000000 -5.57436682e-02 -5.57436682e-02 0.00000000e+00-2.60141847e-02
17.80000000 -5.28370674e-02 -5.28370674e-02 1.31326250e-16-3.07121026e-02
17.90000000 -4.96201450e-02 -4.96201450e-02 1.39840259e-16-3.50543030e-02
18.00000000 -4.61151255e-02 -4.61151255e-02 7.52344683e-17-3.90021234e-02
18.10000000 -4.23461211e-02 -4.23461211e-02 0.00000000e+00-4.25211681e-02
18.20000000 -3.83389815e-02 -3.83389815e-02 9.04939782e-17-4.55815958e-02
18.30000000 -3.41211306e-02 -3.41211306e-02 0.00000000e+00-4.81583609e-02
18.40000000 -2.97213901e-02 -2.97213901e-02 0.00000000e+00-5.02314059e-02
18.50000000 -2.51697903e-02 -2.51697903e-02 6.89208554e-17-5.17858032e-02
18.60000000 -2.04973722e-02 -2.04973722e-02 8.46315061e-17-5.28118466e-02
18.70000000 -1.57359790e-02 -1.57359790e-02 4.40957243e-16-5.33050912e-02
18.80000000 -1.09180408e-02 -1.09180408e-02 5.56100885e-16-5.32663421e-02
18.90000000 -6.07635313e-03 -6.07635313e-03 1.64155370e-15-5.27015926e-02
19.00000000 -1.24385035e-03 -1.24385035e-03 2.10939303e-14-5.16219128e-02
19.10000000  3.54662280e-03  3.54662280e-03 3.72953856e-15-5.00432904e-02
19.20000000  8.26254150e-03  8.26254150e-03 1.04975175e-15-4.79864250e-02
19.30000000  1.28719302e-02  1.28719302e-02 4.71687777e-16-4.54764800e-02
19.40000000  1.73435900e-02  1.73435900e-02 2.00042030e-16-4.25427923e-02
19.50000000  2.16473211e-02  2.16473211e-02 8.01357115e-17-3.92185458e-02
19.60000000  2.57541406e-02  2.57541406e-02 2.69428284e-16-3.55404099e-02
19.70000000  2.96364919e-02  2.96364919e-02 0.00000000e+00-3.15481482e-02
19.80000000  3.32684453e-02  3.32684453e-02 1.04286417e-16-2.72842009e-02
19.90000000  3.66258873e-02  3.66258873e-02 9.47266320e-17-2.27932457e-02
20.00000000  3.96866986e-02  3.96866986e-02 8.74209010e-17-1.81217400e-02
20.10000000  4.24309172e-02  4.24309172e-02 0.00000000e+00-1.33174518e-02
20.20000000  4.48408867e-02  4.48408867e-02 7.73723984e-17-8.42898126e-03
20.30000000  4.69013889e-02  4.69013889e-02 0.00000000e+00-3.50527911e-03
20.40000000  4.85997577e-02  4.85997577e-02 2.14164460e-16 1.40483395e-03
20.50000000  4.99259752e-02  4.99259752e-02 0.00000000e+00 6.25314200e-03
20.60000000  5.08727482e-02  5.08727482e-02 1.36397072e-16 1.09924983e-02
20.70000000  5.14355648e-02  5.14355648e-02 6.74522962e-17 1.55772754e-02
20.80000000  5.16127298e-02  5.16127298e-02 3.36103803e-16 1.99637953e-02
20.90000000  5.14053792e-02  5.14053792e-02 1.34983809e-16 2.41107384e-02
21.00000000  5.08174736e-02  5.08174736e-02 0.00000000e+00 2.79795240e-02
21.10000000  4.98557700e-02  4.98557700e-02 0.00000000e+00 3.15346620e-02
21.20000000  4.85297722e-02  4.85297722e-02 2.14473309e-16 3.47440707e-02
21.30000000  4.68516600e-02  4.68516600e-02 1.48103480e-16 3.75793586e-02
21.40000000  4.48361981e-02  4.48361981e-02 7.73804894e-17 4.00160686e-02
21.50000000  4.25006250e-02  4.25006250e-02 8.16328455e-17 4.20338802e-02
21.60000000  3.98645221e-02  3.98645221e-02 1.74061886e-16 4.36167713e-02
21.70000000  3.69496651e-02  3.69496651e-02 9.38965737e-17 4.47531354e-02
21.80000000  3.37798579e-02  3.37798579e-02 5.13537825e-16 4.54358557e-02
21.90000000  3.03807505e-02  3.03807505e-02 1.14198856e-15 4.56623342e-02
22.00000000  2.67796419e-02  2.67796419e-02 1.04292089e-14 4.54344770e-02
22.10000000  2.30052708e-02  2.30052708e-02 5.27838355e-16 4.47586357e-02
22.20000000  1.90875936e-02  1.90875936e-02 2.72646754e-16 4.36455055e-02
22.30000000  1.50575532e-02  1.50575532e-02 2.59213949e-15 4.21099832e-02
22.40000000  1.09468396e-02  1.09468396e-02 5.54637903e-16 4.01709834e-02
22.50000000  6.78764464e-03  6.78764464e-03 3.32241984e-15 3.78512195e-02
22.60000000  2.61241170e-03  2.61241170e-03 1.90909036e-15 3.51769475e-02
22.70000000 -1.54641608e-03 -1.54641608e-03 2.73431486e-15 3.21776785e-02
22.80000000 -5.65664831e-03 -5.65664831e-03 4.60004771e-16 2.88858618e-02
22.90000000 -9.68659791e-03 -9.68659791e-03 1.70130661e-15 2.53365419e-02
23.00000000 -1.36053280e-02 -1.36053280e-02 1.27503245e-16 2.15669926e-02
23.10000000 -1.73828931e-02 -1.73828931e-02 2.99384595e-16 1.76163334e-02
23.20000000 -2.09905726e-02 -2.09905726e-02 1.65285961e-16 1.35251302e-02
23.30000000 -2.44010944e-02 -2.44010944e-02 7.10920359e-17 9.33498588e-03
23.40000000 -2.75888476e-02 -2.75888476e-02 6.28777070e-17 5.08812332e-03
23.50000000 -3.05300818e-02 -3.05300818e-02 2.27280554e-16 8.26966738e-04
23.60000000 -3.32030916e-02 -3.32030916e-02 4.17966736e-16-3.40627613e-03
23.70000000 -3.55883846e-02 -3.55883846e-02 0.00000000e+00-7.57002603e-03
23.80000000 -3.76688321e-02 -3.76688321e-02 1.84207832e-16-1.16237348e-02
23.90000000 -3.94298009e-02 -3.94298009e-02 2.63971428e-16-1.55282746e-02
24.00000000 -4.08592640e-02 -4.08592640e-02 8.49121255e-17-1.92463100e-02
24.10000000 -4.19478920e-02 -4.19478920e-02 8.27084936e-17-2.27426497e-02
24.20000000 -4.26891211e-02 -4.26891211e-02 0.00000000e+00-2.59845744e-02
24.30000000 -4.30792000e-02 -4.30792000e-02 8.05364759e-17-2.89421379e-02
24.40000000 -4.31172130e-02 -4.31172130e-02 8.04654733e-17-3.15884385e-02
24.50000000 -4.28050809e-02 -4.28050809e-02 8.10522228e-17-3.38998586e-02
24.60000000 -4.21475385e-02 -4.21475385e-02 1.64633432e-16-3.58562704e-02
24.70000000 -4.11520891e-02 -4.11520891e-02 1.18031085e-15-3.74412054e-02
24.80000000 -3.98289370e-02 -3.98289370e-02 3.48434803e-16-3.86419873e-02
24.90000000 -3.81908974e-02 -3.81908974e-02 9.08448658e-17-3.94498265e-02
25.00000000 -3.62532856e-02 -3.62532856e-02 9.57002074e-17-3.98598753e-02
25.10000000 -3.40337853e-02 -3.40337853e-02 1.18251862e-14-3.98712451e-02
25.20000000 -3.15522980e-02 -3.15522980e-02 1.00062339e-14-3.94869839e-02
25.30000000 -2.88307745e-02 -2.88307745e-02 2.28642807e-15-3.87140156e-02
25.40000000 -2.58930292e-02 -2.58930292e-02 4.01974631e-16-3.75630417e-02
25.50000000 -2.27645393e-02 -2.27645393e-02 0.00000000e+00-3.60484075e-02
25.60000000 -1.94722316e-02 -1.94722316e-02 1.06904448e-15-3.41879323e-02
25.70000000 -1.60442560e-02 -1.60442560e-02 9.73090388e-16-3.20027077e-02
25.80000000 -1.25097502e-02 -1.25097502e-02 6.93348569e-16-2.95168655e-02
25.90000000 -8.89859643e-03 -8.89859643e-03 2.92415240e-16-2.67573170e-02
26.00000000 -5.24117226e-03 -5.24117226e-03 2.23411536e-15-2.37534674e-02
26.10000000 -1.56809741e-03 -1.56809741e-03 1.04403290e-14-2.05369072e-02
26.20000000  2.09002068e-03  2.09002068e-03 5.39501963e-15-1.71410860e-02
26.30000000  5.70284095e-03  5.70284095e-03 2.96581196e-15-1.36009685e-02
26.40000000  9.24054021e-03  9.24054021e-03 2.81594491e-16-9.95267969e-03
26.50000000  1.26740598e-02  1.26740598e-02 1.36871965e-16-6.23314069e-03
26.60000000  1.59753455e-02  1.59753455e-02 0.00000000e+00-2.47969949e-03
26.70000000  1.91175786e-02  1.91175786e-02 5.44438240e-16 1.27023974e-03
26.80000000  2.20753961e-02  2.20753961e-02 3.14327039e-16 4.97958520e-03
26.90000000  2.48250984e-02  2.48250984e-02 2.79511235e-16 8.61192027e-03
27.00000000  2.73448425e-02  2.73448425e-02 2.53755124e-16 1.21318570e-02
27.10000000  2.96148195e-02  2.96148195e-02 0.00000000e+00 1.55053771e-02
27.20000000  3.16174140e-02  3.16174140e-02 0.00000000e+00 1.87001568e-02
27.30000000  3.33373451e-02  3.33373451e-02 3.12212650e-16 2.16858728e-02
27.40000000  3.47617879e-02  3.47617879e-02 1.99612688e-16 2.44344868e-02
27.50000000  3.58804724e-02  3.58804724e-02 0.00000000e+00 2.69205047e-02
27.60000000  3.66857623e-02  3.66857623e-02 2.83716085e-16 2.91212099e-02
27.70000000  3.71727105e-02  3.71727105e-02 7.46665368e-16 3.10168669e-02
27.80000000  3.73390913e-02  3.73390913e-02 9.29172841e-17 3.25908948e-02
27.90000000  3.71854099e-02  3.71854099e-02 9.33012964e-17 3.38300081e-02
28.00000000  3.67148888e-02  3.67148888e-02 2.83491008e-16 3.47243240e-02
28.10000000  3.59334307e-02  3.59334307e-02 2.60690577e-15 3.52674367e-02
28.20000000  3.48495585e-02  3.48495585e-02 3.28531420e-15 3.54564552e-02
28.30000000  3.34743335e-02  3.34743335e-02 6.73692434e-15 3.52920075e-02
28.40000000  3.18212520e-02  3.18212520e-02 2.18058482e-15 3.47782103e-02
28.50000000  2.99061212e-02  2.99061212e-02 1.79817461e-15 3.39226035e-02
28.60000000  2.77469154e-02  2.77469154e-02 6.25195072e-17 3.27360527e-02
28.70000000  2.53636144e-02  2.53636144e-02 7.52335923e-16 3.12326187e-02
28.80000000  2.27780250e-02  2.27780250e-02 9.90050947e-16 2.94293973e-02
28.90000000  2.00135868e-02  2.00135868e-02 1.73354581e-16 2.73463297e-02
29.00000000  1.70951654e-02  1.70951654e-02 7.10321548e-16 2.50059863e-02
29.10000000  1.40488324e-02  1.40488324e-02 1.17304218e-15 2.24333265e-02
29.20000000  1.09016373e-02  1.09016373e-02 7.95625203e-17 1.96554361e-02
29.30000000  7.68137013e-03  7.68137013e-03 4.12149173e-15 1.67012459e-02
29.40000000  4.41631914e-03  4.41631914e-03 6.97217314e-15 1.36012336e-02
29.50000000  1.13502449e-03  1.13502449e-03 2.74149172e-14 1.03871133e-02
29.60000000 -2.13396947e-03 -2.13396947e-03 7.92586499e-15 7.09151355e-03
29.70000000 -5.36236126e-03 -5.36236126e-03 1.12416225e-14 3.74765009e-03
29.80000000 -8.52233661e-03 -8.52233661e-03 5.39408078e-15 3.88993677e-04
29.90000000 -1.15868079e-02 -1.15868079e-02 5.24003870e-15-2.95106171e-03
30.00000000 -1.45296464e-02 -1.45296464e-02 6.86503973e-15-6.23952791e-03
30.10000000 -1.73259060e-02 -1.73259060e-02 8.21009447e-15-9.44414555e-03
30.20000000 -1.99520354e-02 -1.99520354e-02 9.12919216e-15-1.25336976e-02
30.30000000 -2.23860780e-02 -2.23860780e-02 9.91887033e-15-1.54783107e-02
30.40000000 -2.46078572e-02 -2.46078572e-02 1.32530033e-14-1.82497414e-02
30.50000000 -2.65991455e-02 -2.65991455e-02 1.76738784e-14-2.08216442e-02
30.60000000 -2.83438161e-02 -2.83438161e-02 2.35631129e-14-2.31698194e-02
30.70000000 -2.98279759e-02 -2.98279759e-02 3.23356253e-14-2.52724384e-02
30.80000000 -3.10400784e-02 -3.10400784e-02 4.67211714e-14-2.71102437e-02
30.90000000 -3.19710157e-02 -3.19710157e-02 6.86922160e-14-2.86667225e-02
31.00000000 -3.26141889e-02 -3.26141889e-02 1.06697588e-13-2.99282526e-02
31.10000000 -3.29655560e-02 -3.29655560e-02 1.77337161e-13-3.08842180e-02
31.20000000 -3.30236579e-02 -3.30236579e-02 3.30622053e-13-3.15270952e-02
31.30000000 -3.27896209e-02 -3.27896209e-02 7.99706716e-13-3.18525072e-02
31.40000000 -3.22671368e-02 -3.22671368e-02 7.63507341e-12-3.18592474e-02
31.50000000 -3.14624204e-02 -3.14624204e-02 1.90771821e-12-3.15492715e-02
31.60000000 -3.03841449e-02 -3.03841449e-02 1.16566878e-12-3.09276580e-02
31.70000000 -2.90433559e-02 -2.90433559e-02 1.02231736e-12-3.00025387e-02
31.80000000 -2.74533646e-02 -2.74533646e-02 1.03742075e-12-2.87849993e-02
31.90000000 -2.56296213e-02 -2.56296213e-02 1.14636932e-12-2.72889513e-02
32.00000000 -2.35895707e-02 -2.35895707e-02 1.34500508e-12-2.55309774e-02
32.10000000 -2.13524899e-02 -2.13524899e-02 1.65839724e-12-2.35301505e-02
32.20000000 -1.89393101e-02 -1.89393101e-02 2.13505160e-12-2.13078303e-02
32.30000000 -1.63724250e-02 -1.63724250e-02 2.87527296e-12-1.88874381e-02
32.40000000 -1.36754868e-02 -1.36754868e-02 4.06970033e-12-1.62942124e-02
32.50000000 -1.08731910e-02 -1.08731910e-02 6.13069514e-12-1.35549485e-02
32.60000000 -7.99105309e-03 -7.99105309e-03 1.01065260e-11-1.06977244e-02
32.70000000 -5.05517900e-03 -5.05517900e-03 1.95638480e-11-7.75161481e-03
32.80000000 -2.09203031e-03 -2.09203031e-03 5.84527835e-11-4.74639822e-03
32.90000000  8.71812449e-04  8.71812449e-04 1.74999148e-10-1.71225802e-03
33.00000000  3.80988693e-03  3.80988693e-03 5.04089292e-11 1.32051838e-03
33.10000000  6.69608428e-03  6.69608428e-03 3.64232941e-11 4.32183961e-03
33.20000000  9.50488056e-03  9.50488056e-03 3.28761150e-11 7.26210674e-03
33.30000000  1.22115621e-02  1.22115621e-02 3.30912641e-11 1.01125030e-02
33.40000000  1.47924431e-02  1.47924431e-02 3.56738738e-11 1.28452743e-02
33.50000000  1.72250730e-02  1.72250730e-02 4.04401858e-11 1.54339971e-02
33.60000000  1.94884322e-02  1.94884322e-02 4.77508364e-11 1.78538321e-02
33.70000000  2.15631151e-02  2.15631151e-02 5.84571259e-11 2.00817607e-02
33.80000000  2.34314964e-02  2.34314964e-02 7.40703310e-11 2.20968015e-02
33.90000000  2.50778829e-02  2.50778829e-02 9.72275614e-11 2.38802065e-02
34.00000000  2.64886459e-02  2.64886458e-02 1.32703241e-10 2.54156332e-02
34.10000000  2.76523354e-02  2.76523354e-02 1.89802054e-10 2.66892923e-02
34.20000000  2.85597745e-02  2.85597745e-02 2.88810536e-10 2.76900691e-02
34.30000000  2.92041324e-02  2.92041324e-02 4.82630267e-10 2.84096184e-02
34.40000000  2.95809767e-02  2.95809766e-02 9.60895823e-10 2.88424307e-02
34.50000000  2.96883036e-02  2.96883034e-02 3.24133268e-09 2.89858705e-02
34.60000000  2.95265455e-02  2.95265458e-02 5.46705502e-09 2.88401857e-02
34.70000000  2.90985605e-02  2.90985607e-02 2.05356511e-09 2.84084891e-02
34.80000000  2.84095924e-02  2.84095925e-02 1.53786816e-09 2.76967107e-02
34.90000000  2.74672172e-02  2.74672173e-02 1.40442107e-09 2.67135232e-02
35.00000000  2.62812645e-02  2.62812646e-02 1.41995222e-09 2.54702404e-02
35.10000000  2.48637198e-02  2.48637198e-02 1.53368628e-09 2.39806907e-02
35.20000000  2.32286075e-02  2.32286076e-02 1.74066307e-09 2.22610655e-02
35.30000000  2.13918566e-02  2.13918567e-02 2.05898881e-09 2.03297458e-02
35.40000000  1.93711484e-02  1.93711485e-02 2.52923628e-09 1.82071081e-02
35.50000000  1.71857501e-02  1.71857502e-02 3.22527342e-09 1.59153113e-02
35.60000000  1.48563337e-02  1.48563338e-02 4.28139694e-09 1.34780674e-02
35.70000000  1.24047832e-02  1.24047834e-02 5.95691492e-09 1.09203982e-02
35.80000000  9.85399189e-03  9.85399206e-03 8.80815822e-09 8.26837998e-03
35.90000000  7.22764999e-03  7.22765020e-03 1.42481036e-08 5.54887996e-03
36.00000000  4.55002714e-03  4.55002739e-03 2.71079921e-08 2.78928547e-03
36.10000000  1.84574951e-03  1.84574981e-03 8.07670136e-08 1.72300761e-05
36.20000000 -8.60425294e-04 -8.60424930e-04 2.11280714e-07-2.73968148e-03
36.30000000 -3.54383370e-03 -3.54383325e-03 6.31185214e-08-5.45414644e-03
36.40000000 -6.18013009e-03 -6.18012954e-03 4.49460096e-08-8.09943284e-03
36.50000000 -8.74550706e-03 -8.74550637e-03 3.98266004e-08-1.06496411e-02
36.60000000 -1.12169100e-02 -1.12169091e-02 3.93452364e-08-1.30799559e-02
36.70000000 -1.35722439e-02 -1.35722428e-02 4.16806173e-08-1.53668864e-02
36.80000000 -1.57905713e-02 -1.57905698e-02 4.65261694e-08-1.74884915e-02
36.90000000 -1.78522981e-02 -1.78522962e-02 5.42699420e-08-1.94245888e-02
37.00000000 -1.97393474e-02 -1.97393448e-02 6.59349633e-08-2.11569453e-02
37.10000000 -2.14353182e-02 -2.14353146e-02 8.34877119e-08-2.26694472e-02
37.20000000 -2.29256288e-02 -2.29256237e-02 1.10686724e-07-2.39482486e-02
37.30000000 -2.41976426e-02 -2.41976351e-02 1.55294637e-07-2.49818962e-02
37.40000000 -2.52407769e-02 -2.52407650e-02 2.35790283e-07-2.57614305e-02
37.50000000 -2.60465924e-02 -2.60465711e-02 4.08376909e-07-2.62804607e-02
37.60000000 -2.66088724e-02 -2.66088214e-02 9.57634489e-07-2.65352149e-02
37.70000000 -2.69167475e-02 -2.69235429e-02 1.26212785e-04-2.65245636e-02
37.80000000 -2.69889768e-02 -2.69890484e-02 1.32790557e-06-2.62500167e-02
37.90000000 -2.68059007e-02 -2.68059439e-02 8.06148762e-07-2.57156950e-02
38.00000000 -2.63770785e-02 -2.63771132e-02 6.58224022e-07-2.49282756e-02
38.10000000 -2.57076513e-02 -2.57076828e-02 6.11422226e-07-2.38969120e-02
38.20000000 -2.48049357e-02 -2.48049661e-02 6.13207407e-07-2.26331310e-02
38.30000000 -2.36783571e-02 -2.36783879e-02 6.49034159e-07-2.11507061e-02
38.40000000 -2.23393569e-02 -2.23393889e-02 7.16676694e-07-1.94655087e-02
38.50000000 -2.08012796e-02 -2.08013137e-02 8.20650869e-07-1.75953408e-02
38.60000000 -1.90792426e-02 -1.90792797e-02 9.71778404e-07-1.55597479e-02
38.70000000 -1.71899909e-02 -1.71900318e-02 1.18954776e-06-1.33798167e-02
38.80000000 -1.51517362e-02 -1.51517819e-02 1.50807121e-06-1.10779581e-02
38.90000000 -1.29839836e-02 -1.29840352e-02 1.98944226e-06-8.67767808e-03
39.00000000 -1.07073473e-02 -1.07074063e-02 2.75594437e-06-6.20333923e-03
39.10000000 -8.34335609e-03 -8.34342417e-03 4.08000105e-06-3.67991492e-03
39.20000000 -5.91425160e-03 -5.91433087e-03 6.70162562e-06-1.13273848e-03
39.30000000 -3.44278026e-03 -3.44287339e-03 1.35260843e-05 1.41274966e-03
39.40000000 -9.51981618e-04 -9.52092033e-04 5.79890054e-05 3.93125484e-03
39.50000000  1.53502543e-03  1.53489333e-03 4.30322575e-05 6.39787814e-03
39.60000000  3.99525650e-03  3.99509693e-03 1.99706434e-05 8.78836133e-03
39.70000000  6.40607355e-03  6.40587883e-03 1.51984613e-05 1.10793242e-02
39.80000000  8.74539297e-03  8.74515270e-03 1.37371493e-05 1.32484918e-02
39.90000000  1.09918880e-02  1.09915878e-02 1.36552858e-05 1.52749102e-02
40.00000000  1.31251837e-02  1.31248032e-02 1.44945738e-05 1.71391473e-02
40.10000000  1.51260431e-02  1.51255526e-02 1.62162480e-05 1.88234781e-02
40.20000000  1.69765440e-02  1.69758980e-02 1.90266978e-05 2.03120522e-02
40.30000000  1.86602450e-02  1.86593708e-02 2.34250657e-05 2.15910414e-02
40.40000000  2.01623464e-02  2.01611183e-02 3.04550172e-05 2.26487672e-02
40.50000000  2.14698588e-02  2.14680356e-02 4.24623682e-05 2.34758059e-02
40.60000000  2.25718487e-02  2.25688794e-02 6.57784372e-05 2.40650707e-02
40.70000000  2.34602249e-02  2.34543662e-02 1.24880142e-04 2.44118713e-02
40.80000000  2.41406770e-02  2.41172498e-02 4.85457279e-04 2.45139478e-02
40.90000000  2.45337802e-02  2.45523815e-02 3.78951272e-04 2.43714821e-02
41.00000000  2.47487043e-02  2.47567491e-02 1.62503702e-04 2.39870837e-02
41.10000000  2.47237438e-02  2.47294976e-02 1.16348172e-04 2.33657522e-02
41.20000000  2.44670823e-02  2.44719278e-02 9.90106083e-05 2.25148162e-02
41.30000000  2.39830431e-02  2.39874770e-02 9.24286044e-05 2.14438492e-02
41.40000000  2.32774085e-02  2.32816781e-02 9.17036815e-05 2.01645642e-02
41.50000000  2.23578425e-02  2.23621007e-02 9.52183255e-05 1.86906865e-02
41.60000000  2.12339143e-02  2.12382725e-02 1.02614101e-04 1.70378087e-02
41.70000000  1.99170319e-02  1.99215838e-02 1.14260805e-04 1.52232266e-02
41.80000000  1.84203402e-02  1.84251738e-02 1.31186417e-04 1.32657595e-02
41.90000000  1.67585970e-02  1.67638020e-02 1.55269542e-04 1.11855565e-02
42.00000000  1.49480307e-02  1.49537045e-02 1.89746944e-04 9.00388984e-03
42.10000000  1.30061842e-02  1.30124370e-02 2.40321926e-04 6.74293890e-03
42.20000000  1.09517458e-02  1.09587067e-02 3.17695163e-04 4.42556560e-03
42.30000000  8.80436991e-03  8.81219291e-03 4.44070743e-04 2.07508441e-03
42.40000000  6.58448744e-03  6.59336036e-03 6.73320681e-04-2.84971131e-04
42.50000000  4.31310989e-03  4.32326509e-03 1.17586419e-03-2.63108303e-03
42.60000000  2.01162644e-03  2.02335584e-03 2.90692710e-03-4.93998211e-03
42.70000000 -2.98403552e-04 -2.84727684e-04 2.34524700e-02-7.18887781e-03
42.80000000 -2.59546232e-03 -2.57935753e-03 3.11214586e-03-9.35568211e-03
42.90000000 -4.85828977e-03 -4.83911949e-03 1.97684516e-03-1.14192255e-02
43.00000000 -7.06610554e-03 -7.04301238e-03 1.63675456e-03-1.33594628e-02
43.10000000 -9.19884234e-03 -9.17064274e-03 1.53513253e-03-1.51576670e-02
43.20000000 -1.12374026e-02 -1.12024132e-02 1.55925385e-03-1.67966088e-02
43.30000000 -1.31639678e-02 -1.31197029e-02 1.68412169e-03-1.82607212e-02
43.40000000 -1.49624319e-02 -1.49050379e-02 1.92162151e-03-1.95362459e-02
43.50000000 -1.66191520e-02 -1.65422503e-02 2.31901419e-03-2.06113617e-02
43.60000000 -1.81246246e-02 -1.80166250e-02 2.98826521e-03-2.14762932e-02
43.70000000 -1.94784295e-02 -1.93150319e-02 4.21198847e-03-2.21233982e-02
43.80000000 -2.07102537e-02 -2.04260429e-02 6.90900118e-03-2.25472343e-02
43.90000000 -2.20588153e-02 -2.13400330e-02 1.65622445e-02-2.27446022e-02
44.00000000 -1.89332050e-02 -2.20492632e-02 7.60339319e-02-2.27145680e-02
44.10000000 -2.19500380e-02 -2.25479467e-02 1.34367593e-02-2.24584620e-02
44.20000000 -2.24637436e-02 -2.28322955e-02 8.13651364e-03-2.19798550e-02
44.30000000 -2.26138970e-02 -2.29005486e-02 6.29803492e-03-2.12845132e-02
44.40000000 -2.25053835e-02 -2.27529814e-02 5.47076545e-03-2.03803308e-02
44.50000000 -2.21646393e-02 -2.23918950e-02 5.10038978e-03-1.92772422e-02
44.60000000 -2.16044450e-02 -2.18215876e-02 5.00028821e-03-1.79871142e-02
44.70000000 -2.08347190e-02 -2.10483068e-02 5.09962587e-03-1.65236194e-02
44.80000000 -1.98653614e-02 -2.00801831e-02 5.37786506e-03-1.49020929e-02
44.90000000 -1.87071775e-02 -1.89271477e-02 5.84493398e-03-1.31393720e-02
45.00000000 -1.73721861e-02 -1.76008314e-02 6.53776166e-03-1.12536227e-02
45.10000000 -1.58736843e-02 -1.61144499e-02 7.52671480e-03-9.26415352e-03
45.20000000 -1.42261980e-02 -1.44826732e-02 8.93365921e-03-7.19121848e-03
45.30000000 -1.24453677e-02 -1.27214828e-02 1.09713795e-02-5.05581194e-03
45.40000000 -1.05477911e-02 -1.08480159e-02 1.40319467e-02-2.87945685e-03
45.50000000 -8.55082865e-03 -8.88040046e-03 1.89069751e-02-6.83988661e-04
45.60000000 -6.47237515e-03 -6.83758078e-03 2.74385306e-02 1.50866289e-03
45.70000000 -4.33058894e-03 -4.73913605e-03 4.50451484e-02 3.67669196e-03
45.80000000 -2.14356727e-03 -2.60509376e-03 9.71908687e-02 5.79863262e-03
45.90000000  7.10590065e-05 -4.55739329e-04 1.00000000e+00 7.85357063e-03
46.00000000  2.29665854e-03  1.68857592e-03 1.52583902e-01 9.82134868e-03
46.10000000  4.51835071e-03  3.80762686e-03 8.53622107e-02 1.16827634e-02
46.20000000  6.72415129e-03  5.88150480e-03 6.68466984e-02 1.34197519e-02
46.30000000  8.90687926e-03  7.89080403e-03 6.04890094e-02 1.50155663e-02
46.40000000  1.10676435e-02  9.81680315e-03 5.98933943e-02 1.64549346e-02
46.50000000  1.32229168e-02  1.16416391e-02 6.35956535e-02 1.77242056e-02
46.60000000  1.54207564e-02  1.33484729e-02 7.20312495e-02 1.88114780e-02
46.70000000  1.77843592e-02  1.49216446e-02 8.75287182e-02 1.97067110e-02
46.80000000  2.06587843e-02  1.63468171e-02 1.16522012e-01 2.04018160e-02
46.90000000  2.53347690e-02  1.76111070e-02 1.79846420e-01 2.08907289e-02
47.00000000  4.30588981e-02  1.87032006e-02 3.94346986e-01 2.11694614e-02
47.10000000 -9.53134150e-03  1.96134558e-02 1.00000000e+00 2.12361320e-02
47.20000000  1.00920703e-02  2.03339866e-02 3.36616617e-01 2.10909760e-02
47.30000000  1.41886778e-02  2.08587321e-02 1.90315184e-01 2.07363339e-02
47.40000000  1.59794338e-02  2.11835067e-02 1.40033939e-01 2.01766194e-02
47.50000000  1.68675124e-02  2.13060335e-02 1.16272173e-01 1.94182667e-02
47.60000000  1.72304342e-02  2.12259586e-02 1.03897536e-01 1.84696587e-02
47.70000000  1.72132449e-02  2.09448480e-02 9.77932295e-02 1.73410346e-02
47.80000000  1.68850423e-02  2.04661658e-02 9.58770483e-02 1.60443812e-02
47.90000000  1.62846072e-02  1.97952348e-02 9.73016347e-02 1.45933063e-02
48.00000000  1.54370259e-02  1.89391794e-02 1.01877260e-01 1.30028965e-02
48.10000000  1.43606474e-02  1.79068519e-02 1.09900196e-01 1.12895616e-02
48.20000000  1.30702269e-02  1.67087424e-02 1.22184064e-01 9.47086573e-03
48.30000000  1.15783326e-02  1.53568739e-02 1.40282617e-01 7.56534804e-03
48.40000000  9.89583788e-03  1.38646826e-02 1.67035260e-01 5.59233474e-03
48.50000000  8.03182275e-03  1.22468859e-02 2.07856587e-01 3.57174360e-03
48.60000000  5.99297460e-03  1.05193384e-02 2.74120517e-01 1.52388367e-03
48.70000000  3.78241935e-03  8.69887712e-03 3.93906016e-01-5.30748159e-04
48.80000000  1.39774330e-03  6.80315893e-03 6.59124505e-01-2.57167162e-03
48.90000000 -1.17230968e-03  4.85048976e-03 1.00000000e+00-4.57862651e-03
49.00000000 -3.95352036e-03  2.85964885e-03 1.00000000e+00-6.53177313e-03
49.10000000 -6.99649717e-03  8.49708751e-04 1.00000000e+00-8.41188776e-03
49.20000000 -1.03967175e-02 -1.16014671e-03 7.99228115e-01-1.02005512e-02
49.30000000 -1.43371958e-02 -3.15080496e-03 6.39660929e-01-1.18803285e-02
49.40000000 -1.91907822e-02 -5.10340600e-03 5.79866101e-01-1.34349385e-02
49.50000000 -2.58094176e-02 -6.99952061e-03 5.73316237e-01-1.48494107e-02
49.60000000 -3.65748391e-02 -8.82132402e-03 6.11362573e-01-1.61102288e-02
49.70000000 -6.13815749e-02 -1.05517632e-02 7.06623842e-01-1.72054595e-02
49.80000000 -2.52764870e-01 -1.21747162e-02 9.08094397e-01-1.81248644e-02
49.90000000  8.18535520e-02 -1.36751424e-02 1.00000000e+00-1.88599952e-02
50.00000000  2.63482576e-02 -1.50392215e-02 1.00000000e+00-1.94042705e-02
50.10000000  1.08466826e-02 -1.62544811e-02 1.00000000e+00-1.97530336e-02
50.20000000  3.23968675e-03 -1.73099105e-02 1.00000000e+00-1.99035914e-02
50.30000000 -1.37428167e-03 -1.81960605e-02 8.59554661e-01-1.98552332e-02
50.40000000 -4.46496756e-03 -1.89051280e-02 6.17890518e-01-1.96092300e-02
50.50000000 -6.62420744e-03 -1.94310246e-02 4.91525739e-01-1.91688139e-02
50.60000000 -8.13548268e-03 -1.97694288e-02 4.16913924e-01-1.85391385e-02
50.70000000 -9.15167624e-03 -1.99178209e-02 3.70358821e-01-1.77272197e-02
50.80000000 -9.76311606e-03 -1.98755012e-02 3.41189504e-01-1.67418590e-02
50.90000000 -1.00275175e-02 -1.96435899e-02 3.24088759e-01-1.55935488e-02
51.00000000 -9.98456246e-03 -1.92250112e-02 3.16350003e-01-1.42943617e-02
51.10000000 -9.66355241e-03 -1.86244582e-02 3.16773982e-01-1.28578240e-02
51.20000000 -9.08765302e-03 -1.78483430e-02 3.25240988e-01-1.12987757e-02
51.30000000 -8.27633197e-03 -1.69047293e-02 3.42654238e-01-9.63321782e-03
51.40000000 -7.24677378e-03 -1.58032504e-02 3.71213347e-01-7.87814903e-03
51.50000000 -6.01467357e-03 -1.45550115e-02 4.15190504e-01-6.05139247e-03
51.60000000 -4.59462121e-03 -1.31724790e-02 4.82794475e-01-4.17141549e-03
51.70000000 -3.00018236e-03 -1.16693574e-02 5.90964351e-01-2.25714360e-03
51.80000000 -1.24371659e-03 -1.00604538e-02 7.79954381e-01-3.27770466e-04
51.90000000  6.64081064e-04 -8.36153331e-03 1.00000000e+00 1.59743393e-03
52.00000000  2.71498829e-03 -6.58916503e-03 1.00000000e+00 3.49931516e-03
52.10000000  4.90457614e-03 -4.76056153e-03 1.00000000e+00 5.35902440e-03
52.20000000  7.23436335e-03 -2.89341218e-03 1.00000000e+00 7.15820462e-03
52.30000000  9.71544079e-03 -1.00571264e-03 1.00000000e+00 8.87917130e-03
52.40000000  1.23748832e-02  8.84408012e-04 8.66597996e-01 1.05050857e-02
52.50000000  1.52678654e-02  2.75886090e-03 6.93914374e-01 1.20201189e-02
52.60000000  1.85025534e-02  4.59977006e-03 6.01791564e-01 1.34096057e-02
52.70000000  2.22970650e-02  6.38964253e-03 5.54522420e-01 1.46601858e-02
52.80000000  2.71303094e-02  8.11153428e-03 5.39664590e-01 1.57599317e-02
52.90000000  3.42364620e-02  9.74921038e-03 5.56709726e-01 1.66984621e-02
53.00000000  4.79177717e-02  1.12872978e-02 6.18705022e-01 1.74670391e-02
53.10000000  9.98427071e-02  1.27114298e-02 7.74127720e-01 1.80586490e-02
53.20000000 -1.21903723e-01  1.40083794e-02 1.00000000e+00 1.84680655e-02
53.30000000 -1.78098378e-02  1.51661831e-02 1.00000000e+00 1.86918952e-02
53.40000000 -7.07071116e-04  1.61742503e-02 1.00000000e+00 1.87286042e-02
53.50000000  6.73669968e-03  1.70234605e-02 4.32941561e-01 1.85785266e-02
53.60000000  1.10437829e-02  1.77062459e-02 2.31737610e-01 1.82438542e-02
53.70000000  1.38732556e-02  1.82166584e-02 1.35351026e-01 1.77286077e-02
53.80000000  1.58403097e-02  1.85504214e-02 7.88035505e-02 1.70385900e-02
53.90000000  1.72257684e-02  1.87049654e-02 4.11680145e-02 1.61813219e-02
54.00000000  1.81769295e-02  1.86794469e-02 1.36344741e-02 1.51659609e-02
54.10000000  1.87797823e-02  1.84747507e-02 8.18776921e-03 1.40032040e-02
54.20000000  1.90894229e-02  1.80934763e-02 2.67850695e-02 1.27051758e-02
54.30000000  1.91443977e-02  1.75399068e-02 4.37378016e-02 1.12853026e-02
54.40000000  1.89740609e-02  1.68199628e-02 6.01803819e-02 9.75817415e-03
54.50000000  1.86025978e-02  1.59411402e-02 7.70460227e-02 8.13939399e-03
54.60000000  1.80513324e-02  1.49124332e-02 9.52227119e-02 6.44542086e-03
54.70000000  1.73400941e-02  1.37442435e-02 1.15680467e-01 4.69340173e-03
54.80000000  1.64880443e-02  1.24482755e-02 1.39608936e-01 2.90099875e-03
54.90000000  1.55141751e-02  1.10374206e-02 1.68605856e-01 1.08621172e-03
55.00000000  1.44376046e-02  9.52562893e-03 2.04979669e-01-7.32802237e-04
55.10000000  1.32777412e-02  7.92777281e-03 2.52291380e-01-2.53790979e-03
55.20000000  1.20543613e-02  6.25950066e-03 3.16419368e-01-4.31118174e-03
55.30000000  1.07876307e-02  4.53708460e-03 4.07873554e-01-6.03507059e-03
55.40000000  9.49808965e-03  2.77726219e-03 5.47505892e-01-7.69258376e-03
55.50000000  8.20661611e-03  9.97074345e-04 7.83331621e-01-9.26745059e-03
55.60000000  6.93437883e-03 -7.86299240e-04 1.00000000e+00-1.07442816e-02
55.70000000  5.70279040e-03 -2.55570544e-03 1.00000000e+00-1.21087186e-02
55.80000000  4.53346947e-03 -4.29418235e-03 1.00000000e+00-1.33475733e-02
55.90000000  3.44822207e-03 -5.98512152e-03 1.00000000e+00-1.44489552e-02
56.00000000  2.46905299e-03 -7.61242639e-03 1.00000000e+00-1.54023843e-02
56.10000000  1.61822078e-03 -9.16066528e-03 1.00000000e+00-1.61988910e-02
56.20000000  9.18353591e-04 -1.06152175e-02 1.00000000e+00-1.68310998e-02
56.30000000  3.92649104e-04 -1.19624113e-02 1.00000000e+00-1.72932969e-02
56.40000000  6.51907444e-05 -1.31896523e-02 1.00000000e+00-1.75814812e-02
56.50000000 -3.85734236e-05 -1.42855410e-02 9.94614198e-01-1.76933981e-02
56.60000000  1.08879256e-04 -1.52399788e-02 1.00000000e+00-1.76285558e-02
56.70000000  5.38190922e-04 -1.60442606e-02 1.00000000e+00-1.73882238e-02
56.80000000  1.28466519e-03 -1.66911545e-02 1.00000000e+00-1.69754144e-02
56.90000000  2.39056712e-03 -1.71749668e-02 1.00000000e+00-1.63948462e-02
57.00000000  3.90861453e-03 -1.74915915e-02 1.00000000e+00-1.56528915e-02
57.10000000  5.90740763e-03 -1.76385449e-02 1.00000000e+00-1.47575070e-02
57.20000000  8.48013843e-03 -1.76149849e-02 1.00000000e+00-1.37181491e-02
57.30000000  1.17591082e-02 -1.74217134e-02 1.00000000e+00-1.25456745e-02
57.40000000  1.59410971e-02 -1.70611638e-02 1.00000000e+00-1.12522276e-02
57.50000000  2.13343632e-02 -1.65373721e-02 1.00000000e+00-9.85111463e-03
57.60000000  2.84523251e-02 -1.58559336e-02 1.00000000e+00-8.35666786e-03
57.70000000  3.82187613e-02 -1.50239440e-02 1.00000000e+00-6.78409900e-03
57.80000000  5.24777880e-02 -1.40499260e-02 1.00000000e+00-5.14934498e-03
57.90000000  7.55106774e-02 -1.29437435e-02 1.00000000e+00-3.46890681e-03
58.00000000  1.20016561e-01 -1.17165018e-02 1.00000000e+00-1.75968347e-03
58.10000000  2.47640639e-01 -1.03804374e-02 1.00000000e+00-3.88023874e-05
58.20000000  6.89694733e+00 -8.94879612e-03 1.00000000e+00 1.67655182e-03
58.30000000 -2.83936968e-01 -7.43570274e-03 9.48960877e-01 3.36930849e-03
58.40000000 -1.40532783e-01 -5.85602200e-03 9.19993581e-01 5.02268043e-03
58.50000000 -9.27271578e-02 -4.22521317e-03 9.12839405e-01 6.62032999e-03
58.60000000 -6.80940440e-02 -2.55917921e-03 9.27556618e-01 8.14653011e-03
58.70000000 -5.26128863e-02 -8.74112115e-04 9.67314968e-01 9.58631874e-03
58.80000000 -4.16817011e-02  8.13664015e-04 1.00000000e+00 1.09256451e-02
58.90000000 -3.33520871e-02  2.48785080e-03 1.00000000e+00 1.21515066e-02
59.00000000 -2.66625068e-02  4.13233264e-03 1.00000000e+00 1.32520745e-02
59.10000000 -2.10874064e-02  5.73133154e-03 1.00000000e+00 1.42168074e-02
59.20000000 -1.63180572e-02  7.26955829e-03 1.00000000e+00 1.50365526e-02
59.30000000 -1.21632818e-02  8.73235840e-03 1.00000000e+00 1.57036316e-02
59.40000000 -8.49991182e-03  1.01058516e-02 1.00000000e+00 1.62119122e-02
59.50000000 -5.24612139e-03  1.13770632e-02 1.00000000e+00 1.65568641e-02
59.60000000 -2.34617421e-03  1.25340470e-02 1.00000000e+00 1.67355986e-02
59.70000000  2.38751853e-04  1.35659970e-02 9.65410185e-01 1.67468916e-02
59.80000000  2.53632207e-03  1.44633482e-02 7.01603380e-01 1.65911910e-02
59.90000000  4.56678907e-03  1.52178656e-02 5.38350388e-01 1.62706058e-02
60.00000000  6.34550306e-03  1.58227194e-02 4.27513589e-01 1.57888801e-02
60.10000000  7.88463812e-03  1.62725467e-02 3.47222106e-01 1.51513500e-02
60.20000000  9.19440406e-03  1.65634990e-02 2.86090639e-01 1.43648858e-02
60.30000000  1.02839105e-02  1.66932746e-02 2.37584612e-01 1.34378180e-02
60.40000000  1.11617893e-02  1.66611364e-02 1.97655241e-01 1.23798497e-02
60.50000000  1.18366439e-02  1.64679143e-02 1.63622775e-01 1.12019555e-02
60.60000000  1.23173722e-02  1.61159922e-02 1.33597274e-01 9.91626820e-03
60.70000000  1.26133944e-02  1.56092807e-02 1.06151749e-01 8.53595412e-03
60.80000000  1.27348077e-02  1.49531748e-02 8.01202147e-02 7.07507856e-03
60.90000000  1.26924834e-02  1.41544968e-02 5.44572783e-02 5.54846302e-03
61.00000000  1.24981182e-02  1.32214267e-02 2.81229146e-02 3.97153508e-03
61.10000000  1.21642486e-02  1.21634188e-02 3.41070236e-05 2.36017289e-03
61.20000000  1.17042342e-02  1.09911066e-02 3.14217611e-02 7.30545660e-04
61.30000000  1.11322162e-02  9.71619656e-03 6.79197812e-02-9.01048246e-04
61.40000000  1.04630545e-02  8.35135153e-03 1.12238618e-01-2.51834398e-03
61.50000000  9.71224808e-03  6.91006579e-03 1.68579556e-01-4.10527197e-03
61.60000000  8.89584136e-03  5.40653188e-03 2.43967167e-01-5.64611731e-03
61.70000000  8.03031904e-03  3.85550136e-03 3.51243544e-01-7.12567496e-03
61.80000000  7.13249301e-03  2.27214046e-03 5.16804037e-01-8.52939952e-03
61.90000000  6.21938324e-03  6.71882156e-04 8.05004707e-01-9.84354788e-03
62.00000000  5.30809520e-03 -9.29723914e-04 1.00000000e+00-1.10553134e-02
62.10000000  4.41569640e-03 -2.51716224e-03 1.00000000e+00-1.21529505e-02
62.20000000  3.55909410e-03 -4.07510146e-03 1.00000000e+00-1.31258880e-02
62.30000000  2.75491704e-03 -5.58854222e-03 1.00000000e+00-1.39648307e-02
62.40000000  2.01940327e-03 -7.04296132e-03 1.00000000e+00-1.46618478e-02
62.50000000  1.36829701e-03 -8.42445093e-03 1.00000000e+00-1.52104476e-02
62.60000000  8.16757275e-04 -9.71985142e-03 1.00000000e+00-1.56056373e-02
62.70000000  3.79281388e-04 -1.09168766e-02 1.00000000e+00-1.58439681e-02
62.80000000  6.96470725e-05 -1.20042300e-02 1.00000000e+00-1.59235647e-02
62.90000000 -9.91227107e-05 -1.29717115e-02 9.84832994e-01-1.58441386e-02
63.00000000 -1.14766939e-04 -1.38103132e-02 9.83516513e-01-1.56069864e-02
63.10000000  3.42408393e-05 -1.45123025e-02 1.00000000e+00-1.52149715e-02
63.20000000  3.58762972e-04 -1.50712939e-02 1.00000000e+00-1.46724909e-02
63.30000000  8.69122810e-04 -1.54823068e-02 1.00000000e+00-1.39854265e-02
63.40000000  1.57530039e-03 -1.57418096e-02 1.00000000e+00-1.31610817e-02
63.50000000  2.48722136e-03 -1.58477499e-02 1.00000000e+00-1.22081045e-02
63.60000000  3.61517207e-03 -1.57995699e-02 1.00000000e+00-1.11363968e-02
63.70000000  4.97039004e-03 -1.55982077e-02 1.00000000e+00-9.95701241e-03
63.80000000  6.56590508e-03 -1.52460839e-02 1.00000000e+00-8.68204279e-03
63.90000000  8.41774904e-03 -1.47470738e-02 1.00000000e+00-7.32449388e-03
64.00000000  1.05467251e-02 -1.41064656e-02 1.00000000e+00-5.89815349e-03
64.10000000  1.29810551e-02 -1.33309052e-02 1.00000000e+00-4.41745172e-03
64.20000000  1.57604547e-02 -1.24283280e-02 1.00000000e+00-2.89731519e-03
64.30000000  1.89426283e-02 -1.14078780e-02 1.00000000e+00-1.35301695e-03
64.40000000  2.26140597e-02 -1.02798159e-02 1.00000000e+00 1.99976713e-04
64.50000000  2.69088520e-02 -9.05541644e-03 1.00000000e+00 1.74616084e-03
64.60000000  3.20436754e-02 -7.74685583e-03 1.00000000e+00 3.27014634e-03
64.70000000  3.83876565e-02 -6.36709151e-03 1.00000000e+00 4.75681280e-03
64.80000000  4.66162762e-02 -4.92973400e-03 1.00000000e+00 6.19145828e-03
64.90000000  5.80968980e-02 -3.44891307e-03 1.00000000e+00 7.55994438e-03
65.00000000  7.60494173e-02 -1.93913917e-03 1.00000000e+00 8.84883527e-03
65.10000000  1.10217857e-01 -4.15161584e-04 1.00000000e+00 1.00455294e-02
65.20000000  2.10048344e-01  1.10817540e-03 9.89503754e-01 1.11383822e-02
65.30000000 -1.13823421e+01  2.61607681e-03 1.00000000e+00 1.21168195e-02
65.40000000 -1.68446121e-01  4.09394042e-03 1.00000000e+00 1.29714391e-02
65.50000000 -7.35401549e-02  5.52749797e-03 1.00000000e+00 1.36941013e-02
65.60000000 -4.04626388e-02  6.90295273e-03 1.00000000e+00 1.42780054e-02
65.70000000 -2.31014873e-02  8.20711211e-03 1.00000000e+00 1.47177543e-02
65.80000000 -1.21212780e-02  9.42751405e-03 1.00000000e+00 1.50094030e-02
65.90000000 -4.40065955e-03  1.05525460e-02 1.00000000e+00 1.51504943e-02
66.00000000  1.39638507e-03  1.15715552e-02 7.84640422e-01 1.51400783e-02
66.10000000  5.93473919e-03  1.24749498e-02 3.55259158e-01 1.49787172e-02
66.20000000  9.58099024e-03  1.32542885e-02 1.60860670e-01 1.46684757e-02
66.30000000  1.25529826e-02  1.39023598e-02 5.10058487e-02 1.42128953e-02
66.40000000  1.49879515e-02  1.44132484e-02 1.95469256e-02 1.36169549e-02
66.50000000  1.69766589e-02  1.47823893e-02 6.90911640e-02 1.28870169e-02
66.60000000  1.85818068e-02  1.50066081e-02 1.06441423e-01 1.20307594e-02
66.70000000  1.98485726e-02  1.50841482e-02 1.36388585e-01 1.10570965e-02
66.80000000  2.08109328e-02  1.50146839e-02 1.61790626e-01 9.97608470e-03
66.90000000  2.14956094e-02  1.47993194e-02 1.84496575e-01 8.79882051e-03
67.00000000  2.19246110e-02  1.44405745e-02 2.05802236e-01 7.53732604e-03
67.10000000  2.21169094e-02  1.39423560e-02 2.26697725e-01 6.20442687e-03
67.20000000  2.20895659e-02  1.33099159e-02 2.48016341e-01 4.81362179e-03
67.30000000  2.18584941e-02  1.25497967e-02 2.70536464e-01 3.37894648e-03
67.40000000  2.14389779e-02  1.16697641e-02 2.95064480e-01 1.91483201e-03
67.50000000  2.08460189e-02  1.06787284e-02 3.22517748e-01 4.35960036e-04
67.60000000  2.00945616e-02  9.58665444e-03 3.54025494e-01-1.04288419e-03
67.70000000  1.91996305e-02  8.40446207e-03 3.91071303e-01-2.50695938e-03
67.80000000  1.81764020e-02  7.14391719e-03 4.35716657e-01-3.94171490e-03
67.90000000  1.70402266e-02  5.81751505e-03 4.90980767e-01-5.33293513e-03
68.00000000  1.58066138e-02  4.43835672e-03 5.61534880e-01-6.66688002e-03
68.10000000  1.44911892e-02  3.02002003e-03 6.55075788e-01-7.93042061e-03
68.20000000  1.31096287e-02  1.57642614e-03 7.85316593e-01-9.11116793e-03
68.30000000  1.16775773e-02  1.21703232e-04 9.79371076e-01-1.01975943e-02
68.40000000  1.02105553e-02 -1.32995157e-03 1.00000000e+00-1.11791455e-02
68.50000000  8.72385673e-03 -2.76441048e-03 1.00000000e+00-1.20463433e-02
68.60000000  7.23244160e-03 -4.16775237e-03 1.00000000e+00-1.27908763e-02
68.70000000  5.75082607e-03 -5.52639767e-03 1.00000000e+00-1.34056799e-02
68.80000000  4.29297191e-03 -6.82723961e-03 1.00000000e+00-1.38850024e-02
68.90000000  2.87217774e-03 -8.05777054e-03 1.00000000e+00-1.42244591e-02
69.00000000  1.50097360e-03 -9.20620201e-03 1.00000000e+00-1.44210714e-02
69.10000000  1.91020718e-04 -1.02615776e-02 1.00000000e+00-1.44732930e-02
69.20000000 -1.04698221e-03 -1.12138775e-02 8.29215531e-01-1.43810208e-02
69.30000000 -2.20338489e-03 -1.20541133e-02 6.90915634e-01-1.41455917e-02
69.40000000 -3.26966226e-03 -1.27744128e-02 5.92414989e-01-1.37697653e-02
69.50000000 -4.23848137e-03 -1.33680940e-02 5.18534265e-01-1.32576925e-02
69.60000000 -5.10375740e-03 -1.38297263e-02 4.60874980e-01-1.26148697e-02
69.70000000 -5.86069817e-03 -1.41551810e-02 4.14395129e-01-1.18480806e-02
69.80000000 -6.50583649e-03 -1.43416671e-02 3.75864217e-01-1.09653248e-02
69.90000000 -7.03705004e-03 -1.43877555e-02 3.43093216e-01-9.97573442e-03
70.00000000 -7.45356852e-03 -1.42933890e-02 3.14518502e-01-8.88948031e-03
70.10000000 -7.75596786e-03 -1.40598796e-02 2.88960205e-01-7.71766749e-03
70.20000000 -7.94615151e-03 -1.36898916e-02 2.65470912e-01-6.47222195e-03
70.30000000 -8.02731913e-03 -1.31874123e-02 2.43231605e-01-5.16576951e-03
70.40000000 -8.00392277e-03 -1.25577097e-02 2.21470107e-01-3.81150808e-03
70.50000000 -7.88161103e-03 -1.18072777e-02 1.99384877e-01-2.42307456e-03
70.60000000 -7.66716183e-03 -1.09437694e-02 1.76058228e-01-1.01440773e-03
70.70000000 -7.36840436e-03 -9.97591992e-03 1.50338262e-01 4.00391415e-04
70.80000000 -6.99413095e-03 -8.91345792e-03 1.20654801e-01 1.80720062e-03
70.90000000 -6.55399990e-03 -7.76700843e-03 8.47013349e-02 3.19201709e-03
71.00000000 -6.05843011e-03 -6.54798685e-03 3.88339322e-02 4.54109668e-03
71.10000000 -5.51848854e-03 -5.26848562e-03 2.31763713e-02 5.84109002e-03
71.20000000 -4.94577178e-03 -3.94115451e-03 1.13044402e-01 7.07917446e-03
71.30000000 -4.35228277e-03 -2.57907585e-03 2.55823861e-01 8.24318029e-03
71.40000000 -3.75030404e-03 -1.19563585e-03 5.16518246e-01 9.32171014e-03
71.50000000 -3.15226862e-03  1.95606743e-04 1.00000000e+00 1.03042504e-02
71.60000000 -2.57063010e-03  1.58105329e-03 1.00000000e+00 1.11812735e-02
71.70000000 -2.01773301e-03  2.94719803e-03 1.00000000e+00 1.19443299e-02
71.80000000 -1.50568502e-03  4.28075949e-03 1.00000000e+00 1.25861295e-02
71.90000000 -1.04623214e-03  5.56880952e-03 1.00000000e+00 1.31006110e-02
72.00000000 -6.50638382e-04  6.79889844e-03 1.00000000e+00 1.34829988e-02
72.10000000 -3.29571147e-04  7.95917523e-03 1.00000000e+00 1.37298469e-02
72.20000000 -9.29935747e-05  9.03850162e-03 1.00000000e+00 1.38390697e-02
72.30000000  4.99348058e-05  1.00265589e-02 9.90088853e-01 1.38099593e-02
72.40000000  9.09479460e-05  1.09139466e-02 9.83471364e-01 1.36431879e-02
72.50000000  2.27524403e-05  1.16922714e-02 9.96115682e-01 1.33407983e-02
72.60000000 -1.60905216e-04  1.23542271e-02 1.00000000e+00 1.29061791e-02
72.70000000 -4.65184484e-04  1.28936627e-02 1.00000000e+00 1.23440275e-02
72.80000000 -8.94111013e-04  1.33056394e-02 1.00000000e+00 1.16602988e-02
72.90000000 -1.45055260e-03  1.35864759e-02 1.00000000e+00 1.08621437e-02
73.00000000 -2.13621239e-03  1.37337811e-02 1.00000000e+00 9.95783383e-03
73.10000000 -2.95164120e-03  1.37464739e-02 1.00000000e+00 8.95667612e-03
73.20000000 -3.89627117e-03  1.36247907e-02 1.00000000e+00 7.86891735e-03
73.30000000 -4.96847388e-03  1.33702795e-02 1.00000000e+00 6.70563947e-03
73.40000000 -6.16564713e-03  1.29857815e-02 1.00000000e+00 5.47864691e-03
73.50000000 -7.48433641e-03  1.24754000e-02 1.00000000e+00 4.20034705e-03
73.60000000 -8.92040011e-03  1.18444574e-02 1.00000000e+00 2.88362487e-03
73.70000000 -1.04692320e-02  1.10994397e-02 1.00000000e+00 1.54171337e-03
73.80000000 -1.21260621e-02  1.02479305e-02 1.00000000e+00 1.88060725e-04
73.90000000 -1.38863708e-02  9.29853399e-03 1.00000000e+00-1.16380425e-03
74.00000000 -1.57464699e-02  8.26078851e-03 1.00000000e+00-2.50040715e-03
74.10000000 -1.77043489e-02  7.14507080e-03 1.00000000e+00-3.80846206e-03
74.20000000 -1.97609496e-02  5.96249268e-03 1.00000000e+00-5.07500344e-03
74.30000000 -2.19221801e-02  4.72479055e-03 1.00000000e+00-6.28751442e-03
74.40000000 -2.42022589e-02  3.44420923e-03 1.00000000e+00-7.43405034e-03
74.50000000 -2.66296122e-02  2.13338102e-03 1.00000000e+00-8.50335622e-03
74.60000000 -2.92580273e-02  8.05201299e-04 1.00000000e+00-9.48497705e-03
74.70000000 -3.21896323e-02 -5.27298126e-04 9.67766039e-01-1.03693598e-02
74.80000000 -3.56277204e-02 -1.85107669e-03 9.01220058e-01-1.11479462e-02
74.90000000 -4.00175390e-02 -3.15321254e-03 8.53919034e-01-1.18132555e-02
75.00000000 -4.65124153e-02 -4.42102850e-03 8.26399781e-01-1.23589559e-02
75.10000000 -5.91938535e-02 -5.64221536e-03 8.25954428e-01-1.27799246e-02
75.20000000 -1.09712555e-01 -6.80495125e-03 8.83194355e-01-1.30722960e-02
75.30000000  8.22935899e-02 -7.89801597e-03 1.00000000e+00-1.32334962e-02
75.40000000 -4.42371714e-04 -8.91089919e-03 9.05408125e-01-1.32622661e-02
75.50000000 -1.51797905e-02 -9.83390137e-03 2.13718517e-01-1.31586696e-02
75.60000000 -2.16906476e-02 -1.06582266e-02 3.41044975e-01-1.29240901e-02
75.70000000 -2.54746289e-02 -1.13760663e-02 3.82586067e-01-1.25612127e-02
75.80000000 -2.79572937e-02 -1.19806732e-02 4.00035898e-01-1.20739946e-02
75.90000000 -2.96710111e-02 -1.24664246e-02 4.08296950e-01-1.14676218e-02
76.00000000 -3.08588617e-02 -1.28288745e-02 4.12701337e-01-1.07484546e-02
76.10000000 -3.16475110e-02 -1.30647944e-02 4.15606319e-01-9.92396057e-03
76.20000000 -3.21098222e-02 -1.31722014e-02 4.18214985e-01-9.00263797e-03
76.30000000 -3.22913711e-02 -1.31503751e-02 4.21220521e-01-7.99392780e-03
76.40000000 -3.22230095e-02 -1.29998611e-02 4.25075810e-01-6.90811747e-03
76.50000000 -3.19273416e-02 -1.27224628e-02 4.30122349e-01-5.75623607e-03
76.60000000 -3.14222858e-02 -1.23212204e-02 4.36660594e-01-4.54994248e-03
76.70000000 -3.07231317e-02 -1.18003783e-02 4.44995097e-01-3.30140759e-03
76.80000000 -2.98437717e-02 -1.11653405e-02 4.55470263e-01-2.02319167e-03
76.90000000 -2.87974528e-02 -1.04226153e-02 4.68506007e-01-7.28118168e-04
77.00000000 -2.75972405e-02 -9.57974824e-03 4.84640980e-01 5.70854714e-04
77.10000000 -2.62562971e-02 -8.64524621e-03 5.04592326e-01 1.86076354e-03
77.20000000 -2.47880423e-02 -7.62849178e-03 5.29345625e-01 3.12876883e-03
77.30000000 -2.32062302e-02 -6.53964917e-03 5.60298817e-01 4.36228266e-03
77.40000000 -2.15249716e-02 -5.38956297e-03 5.99505394e-01 5.54909350e-03
77.50000000 -1.97587150e-02 -4.18965027e-03 6.50109706e-01 6.67748690e-03
77.60000000 -1.79221981e-02 -2.95178763e-03 7.17180258e-01 7.73636098e-03
77.70000000 -1.60303791e-02 -1.68819364e-03 8.09443609e-01 8.71533545e-03
77.80000000 -1.40983513e-02 -4.11308560e-04 9.43305554e-01 9.60485325e-03
77.90000000 -1.21412468e-02  8.66328008e-04 1.00000000e+00 1.03962736e-02
78.00000000 -1.01741337e-02  2.13220010e-03 1.00000000e+00 1.10819559e-02
78.10000000 -8.21190651e-03  3.37393784e-03 1.00000000e+00 1.16553331e-02
78.20000000 -6.26917619e-03  4.57943819e-03 1.00000000e+00 1.21109747e-02
78.30000000 -4.36015835e-03  5.73698281e-03 1.00000000e+00 1.24446377e-02
78.40000000 -2.49856388e-03  6.83535181e-03 1.00000000e+00 1.26533058e-02
78.50000000 -6.97492239e-04  7.86393247e-03 1.00000000e+00 1.27352167e-02
78.60000000  1.03067054e-03  8.81282160e-03 7.90588437e-01 1.26898763e-02
78.70000000  2.67434802e-03  9.67292091e-03 5.66811408e-01 1.25180601e-02
78.80000000  4.22286258e-03  1.04360241e-02 4.23849481e-01 1.22218027e-02
78.90000000  5.66651656e-03  1.10948951e-02 3.23861655e-01 1.18043740e-02
79.00000000  6.99666451e-03  1.16433365e-02 2.49284965e-01 1.12702439e-02
79.10000000  8.20577575e-03  1.20762482e-02 1.90832652e-01 1.06250341e-02
79.20000000  9.28748651e-03  1.23896739e-02 1.43108570e-01 9.87545968e-03
79.30000000  1.02366413e-02  1.25808382e-02 1.02736890e-01 9.02925925e-03
79.40000000  1.10493229e-02  1.26481699e-02 6.74690362e-02 8.09511519e-03
79.50000000  1.17228709e-02  1.25913154e-02 3.57176045e-02 7.08256481e-03
79.60000000  1.22558882e-02  1.24111386e-02 6.29384159e-03 6.00190313e-03
79.70000000  1.26482363e-02  1.21097099e-02 2.17516590e-02 4.86407838e-03
79.80000000  1.29010184e-02  1.16902831e-02 4.92342919e-02 3.68058123e-03
79.90000000  1.30165514e-02  1.11572604e-02 7.69134368e-02 2.46332892e-03
80.00000000  1.29983265e-02  1.05161470e-02 1.05559646e-01 1.22454545e-03
80.10000000  1.28509592e-02  9.77349385e-03 1.36023857e-01-2.33611003e-05
80.20000000  1.25801295e-02  8.93683181e-03 1.69322129e-01-1.26792261e-03
80.30000000  1.21925118e-02  8.01459496e-03 2.06754826e-01-2.49673537e-03
80.40000000  1.16956967e-02  7.01603599e-03 2.50092322e-01-3.69758359e-03
80.50000000  1.10981044e-02  5.95113361e-03 3.01888613e-01-4.85856059e-03
80.60000000  1.04088917e-02  4.83049303e-03 3.66051435e-01-5.96818681e-03
80.70000000  9.63785156e-03  3.66524051e-03 4.48964122e-01-7.01552309e-03
80.80000000  8.79530918e-03  2.46691311e-03 5.61913618e-01-7.99027840e-03
80.90000000  7.89201273e-03  1.24734461e-03 7.27038879e-01-8.88291080e-03
81.00000000  6.93902186e-03  1.85488529e-05 9.94668009e-01-9.68472070e-03
81.10000000  5.94759409e-03 -1.20739850e-03 1.00000000e+00-1.03879355e-02
81.20000000  4.92907066e-03 -2.41847848e-03 1.00000000e+00-1.09857847e-02
81.30000000  3.89476270e-03 -3.60284649e-03 1.00000000e+00-1.14725652e-02
81.40000000  2.85583911e-03 -4.74894807e-03 1.00000000e+00-1.18436949e-02
81.50000000  1.82321705e-03 -5.84563148e-03 1.00000000e+00-1.20957565e-02
81.60000000  8.07456214e-04 -6.88225611e-03 1.00000000e+00-1.22265279e-02
81.70000000 -1.81342095e-04 -7.84879567e-03 9.54834624e-01-1.22350019e-02
81.80000000 -1.13363009e-03 -8.73593503e-03 7.70277601e-01-1.21213931e-02
81.90000000 -2.04050193e-03 -9.53515996e-03 6.47449632e-01-1.18871327e-02
82.00000000 -2.89377461e-03 -1.02388387e-02 5.59299503e-01-1.15348516e-02
82.10000000 -3.68606053e-03 -1.08402950e-02 4.92500300e-01-1.10683509e-02
82.20000000 -4.41083100e-03 -1.13338709e-02 4.39706001e-01-1.04925612e-02
82.30000000 -5.06247022e-03 -1.17149805e-02 3.96514966e-01-9.81349087e-03
82.40000000 -5.63631912e-03 -1.19801520e-02 3.60108041e-01-9.03816351e-03
82.50000000 -6.12870871e-03 -1.21270594e-02 3.28572901e-01-8.17454540e-03
82.60000000 -6.53698272e-03 -1.21545425e-02 3.00540470e-01-7.23146386e-03
82.70000000 -6.85950921e-03 -1.20626158e-02 2.74974750e-01-6.21851716e-03
82.80000000 -7.09568126e-03 -1.18524656e-02 2.51042194e-01-5.14597700e-03
82.90000000 -7.24590666e-03 -1.15264357e-02 2.28023170e-01-4.02468448e-03
83.00000000 -7.31158676e-03 -1.10880014e-02 2.05244520e-01-2.86594068e-03
83.10000000 -7.29508491e-03 -1.05417335e-02 1.82019489e-01-1.68139290e-03
83.20000000 -7.19968457e-03 -9.89325023e-03 1.57583569e-01-4.82917717e-04
83.30000000 -7.02953785e-03 -9.14916022e-03 1.31013160e-01 7.17497941e-04
83.40000000 -6.78960490e-03 -8.31699513e-03 1.01107478e-01 1.90787656e-03
83.50000000 -6.48558475e-03 -7.40513373e-03 6.61988056e-02 3.07636940e-03
83.60000000 -6.12383854e-03 -6.42271769e-03 2.38216083e-02 4.21137430e-03
83.70000000 -5.71130574e-03 -5.37956019e-03 2.99116002e-02 5.30165075e-03
83.80000000 -5.25541438e-03 -4.28604802e-03 1.01595156e-01 6.33643108e-03
83.90000000 -4.76398619e-03 -3.15303835e-03 2.03478950e-01 7.30552663e-03
84.00000000 -4.24513761e-03 -1.99175110e-03 3.61299779e-01 8.19942800e-03
84.10000000 -3.70717777e-03 -8.13657969e-04 6.40040905e-01 9.00939818e-03
84.20000000 -3.15850435e-03  3.69630727e-04 1.00000000e+00 9.72755782e-03
84.30000000 -2.60749859e-03  1.54648036e-03 1.00000000e+00 1.03469618e-02
84.40000000 -2.06242035e-03  2.70534627e-03 1.00000000e+00 1.08616660e-02
84.50000000 -1.53130436e-03  3.83488687e-03 1.00000000e+00 1.12667847e-02
84.60000000 -1.02185868e-03  4.92407458e-03 1.00000000e+00 1.15585362e-02
84.70000000 -5.41366486e-04  5.96230337e-03 1.00000000e+00 1.17342783e-02
84.80000000 -9.65919824e-05  6.93949194e-03 1.00000000e+00 1.17925318e-02
84.90000000  3.06308448e-04  7.84618155e-03 9.24855241e-01 1.17329924e-02
85.00000000  6.61869104e-04  8.67362751e-03 8.58203772e-01 1.15565314e-02
85.10000000  9.65390994e-04  9.41388342e-03 8.13977171e-01 1.12651836e-02
85.20000000  1.21301032e-03  1.00598774e-02 7.84791555e-01 1.08621248e-02
85.30000000  1.40175880e-03  1.06054798e-02 7.66514375e-01 1.03516374e-02
85.40000000  1.52961528e-03  1.10455608e-02 7.56724633e-01 9.73906488e-03
85.50000000  1.59554827e-03  1.13760390e-02 7.53993365e-01 9.03075619e-03
85.60000000  1.59954901e-03  1.15939193e-02 7.57524106e-01 8.23400016e-03
85.70000000  1.54265497e-03  1.16973192e-02 7.66970095e-01 7.35695053e-03
85.80000000  1.42696367e-03  1.16854856e-02 7.82349791e-01 6.40854275e-03
85.90000000  1.25563695e-03  1.15587991e-02 8.04027748e-01 5.39840299e-03
86.00000000  1.03289589e-03  1.13187682e-02 8.32751945e-01 4.33675065e-03
86.10000000  7.64006767e-04  1.09680114e-02 8.69756975e-01 3.23429505e-03
86.20000000  4.55258590e-04  1.05102298e-02 9.16965196e-01 2.10212753e-03
86.30000000  1.13933014e-04  9.95016765e-03 9.77358530e-01 9.51610023e-04
86.40000000 -2.51732559e-04  9.29356372e-03 1.00000000e+00-2.05738866e-04
86.50000000 -6.32587477e-04  8.54709273e-03 1.00000000e+00-1.35835905e-03
86.60000000 -1.01861458e-03  7.71829765e-03 1.00000000e+00-2.49476432e-03
86.70000000 -1.39897951e-03  6.81551367e-03 1.00000000e+00-3.60365664e-03
86.80000000 -1.76208064e-03  5.84778454e-03 1.00000000e+00-4.67403841e-03
86.90000000 -2.09559717e-03  4.82477219e-03 1.00000000e+00-5.69532136e-03
87.00000000 -2.38653251e-03  3.75666036e-03 1.00000000e+00-6.65743122e-03
87.10000000 -2.62124942e-03  2.65405341e-03 1.00000000e+00-7.55090693e-03
87.20000000 -2.78549256e-03  1.52787117e-03 1.00000000e+00-8.36699359e-03
87.30000000 -2.86439278e-03  3.89240942e-04 1.00000000e+00-9.09772811e-03
87.40000000 -2.84244643e-03 -7.50612360e-04 5.82187543e-01-9.73601678e-03
87.50000000 -2.70346022e-03 -1.88047671e-03 1.79536395e-01-1.02757040e-02
87.60000000 -2.43044988e-03 -2.98926317e-03 1.03107540e-01-1.07116317e-02
87.70000000 -2.00547611e-03 -4.06611460e-03 3.39390217e-01-1.10396880e-02
87.80000000 -1.40939554e-03 -5.10051192e-03 5.66999823e-01-1.12568463e-02
87.90000000 -6.21495213e-04 -6.08237674e-03 8.14586192e-01-1.13611930e-02
88.00000000  3.81034581e-04 -7.00216948e-03 1.00000000e+00-1.13519435e-02
88.10000000  1.62385510e-03 -7.85098202e-03 1.00000000e+00-1.12294482e-02
88.20000000  3.13656066e-03 -8.62062386e-03 1.00000000e+00-1.09951857e-02
88.30000000  4.95423898e-03 -9.30370111e-03 1.00000000e+00-1.06517462e-02
88.40000000  7.11974988e-03 -9.89368749e-03 1.00000000e+00-1.02028026e-02
88.50000000  9.68711172e-03 -1.03849866e-02 1.00000000e+00-9.65307183e-03
88.60000000  1.27266480e-02 -1.07729848e-02 1.00000000e+00-9.00826509e-03
88.70000000  1.63330306e-02 -1.10540949e-02 1.00000000e+00-8.27502900e-03
88.80000000  2.06382829e-02 -1.12257885e-02 1.00000000e+00-7.46087708e-03
88.90000000  2.58336871e-02 -1.12866193e-02 1.00000000e+00-6.57411288e-03
89.00000000  3.22085845e-02 -1.12362344e-02 1.00000000e+00-5.62374544e-03
89.10000000  4.02234799e-02 -1.10753760e-02 1.00000000e+00-4.61939788e-03
89.20000000  5.06589129e-02 -1.08058712e-02 1.00000000e+00-3.57121007e-03
89.30000000  6.49508330e-02 -1.04306120e-02 1.00000000e+00-2.48973639e-03
89.40000000  8.60570162e-02 -9.95352446e-03 1.00000000e+00-1.38583954e-03
89.50000000  1.21187376e-01 -9.37952798e-03 1.00000000e+00-2.70581588e-04
89.60000000  1.93691480e-01 -8.71448470e-03 1.00000000e+00 8.44886824e-04
89.70000000  4.45353451e-01 -7.96513983e-03 1.00000000e+00 1.94943781e-03
89.80000000 -1.66914582e+00 -7.13905341e-03 9.91482291e-01 3.03207715e-03
89.90000000 -2.88349905e-01 -6.24452425e-03 9.57605958e-01 4.08205363e-03
90.00000000 -1.54640607e-01 -5.29050664e-03 9.33840182e-01 5.08896569e-03
90.10000000 -1.02883108e-01 -4.28652091e-03 9.20004932e-01 6.04286436e-03
90.20000000 -7.46894374e-02 -3.24255858e-03 9.16784921e-01 6.93435143e-03
90.30000000 -5.65006208e-02 -2.16898301e-03 9.26061099e-01 7.75467198e-03
90.40000000 -4.34988329e-02 -1.07642666e-03 9.51702955e-01 8.49580022e-03
90.50000000 -3.35464686e-02  2.43140731e-05 1.00000000e+00 9.15051791e-03
90.60000000 -2.55539719e-02  1.12238545e-03 1.00000000e+00 9.71248456e-03
90.70000000 -1.89107670e-02  2.20698329e-03 1.00000000e+00 1.01762987e-02
90.80000000 -1.32505036e-02  3.26745924e-03 1.00000000e+00 1.05375496e-02
90.90000000 -8.34187817e-03  4.29342514e-03 1.00000000e+00 1.07928594e-02
91.00000000 -4.03304823e-03  5.27485477e-03 1.00000000e+00 1.09399138e-02
91.10000000 -2.21244440e-04  6.20218174e-03 1.00000000e+00 1.09774838e-02
91.20000000  3.16482713e-03  7.06639265e-03 3.81339234e-01 1.09054346e-02
91.30000000  6.17567531e-03  7.85911465e-03 1.19947598e-01 1.07247253e-02
91.40000000  8.84778568e-03  8.57269648e-03 1.57911353e-02 1.04373964e-02
91.50000000  1.12080479e-02  9.20028231e-03 9.83797093e-02 1.00465474e-02
91.60000000  1.32767420e-02  9.73587749e-03 1.53866209e-01 9.55630351e-03
91.70000000  1.50696047e-02  1.01744058e-02 1.93915264e-01 8.97177229e-03
91.80000000  1.65992907e-02  1.05117574e-02 2.24540685e-01 8.29899050e-03
91.90000000  1.78764244e-02  1.07448274e-02 2.49171384e-01 7.54486198e-03
92.00000000  1.89103679e-02  1.08715444e-02 2.69923014e-01 6.71708685e-03
92.10000000  1.97097869e-02  1.08908882e-02 2.88192947e-01 5.82408308e-03
92.20000000  2.02830698e-02  1.08028984e-02 3.04966258e-01 4.87490090e-03
92.30000000  2.06386367e-02  1.06086713e-02 3.20986545e-01 3.87913127e-03
92.40000000  2.07851661e-02  1.03103470e-02 3.36859503e-01 2.84680902e-03
92.50000000  2.07317562e-02  9.91108628e-03 3.53122263e-01 1.78831184e-03
92.60000000  2.04880356e-02  9.41503727e-03 3.70296337e-01 7.14256074e-04
92.70000000  2.00642327e-02  8.82729254e-03 3.88935513e-01-3.64609667e-04
92.80000000  1.94712111e-02  8.15383705e-03 4.09677985e-01-1.43751198e-03
92.90000000  1.87204775e-02  7.40148736e-03 4.33313123e-01-2.49376013e-03
93.00000000  1.78241665e-02  6.57782275e-03 4.60878154e-01-3.52285251e-03
93.10000000  1.67950054e-02  5.69110907e-03 4.93811252e-01-4.51458092e-03
93.20000000  1.56462629e-02  4.75021586e-03 5.34212164e-01-5.45913175e-03
93.30000000  1.43916841e-02  3.76452781e-03 5.85317926e-01-6.34718297e-03
93.40000000  1.30454137e-02  2.74385126e-03 6.52440913e-01-7.16999607e-03
93.50000000  1.16219101e-02  1.69831673e-03 7.45001830e-01-7.91950192e-03
93.60000000  1.01358517e-02  6.38278520e-04 8.81516464e-01-8.58837983e-03
93.70000000  8.60203778e-03 -4.25787763e-04 1.00000000e+00-9.17012892e-03
93.80000000  7.03528496e-03 -1.48338861e-03 1.00000000e+00-9.65913122e-03
93.90000000  5.45032102e-03 -2.52411600e-03 1.00000000e+00-1.00507058e-02
94.00000000  3.86167768e-03 -3.53774978e-03 1.00000000e+00-1.03411535e-02
94.10000000  2.28358347e-03 -4.51435790e-03 1.00000000e+00-1.05277917e-02
94.20000000  7.29858075e-04 -5.44439368e-03 1.00000000e+00-1.06089787e-02
94.30000000 -7.86190542e-04 -6.31878910e-03 7.78693091e-01-1.05841284e-02
94.40000000 -2.25186525e-03 -7.12904309e-03 5.19904647e-01-1.04537134e-02
94.50000000 -3.65517388e-03 -7.86730416e-03 3.65557675e-01-1.02192583e-02
94.60000000 -4.98491743e-03 -8.52644644e-03 2.62114842e-01-9.88332218e-03
94.70000000 -6.23077145e-03 -9.10013835e-03 1.87162206e-01-9.44947095e-03
94.80000000 -7.38335974e-03 -9.58290343e-03 1.29642200e-01-8.92223964e-03
94.90000000 -8.43431971e-03 -9.97017252e-03 8.34498876e-02-8.30708514e-03
95.00000000 -9.37635865e-03 -1.02583270e-02 4.49188913e-02-7.61032981e-03
95.10000000 -1.02033005e-02 -1.04447323e-02 1.16927276e-02-6.83909668e-03
95.20000000 -1.09101224e-02 -1.05277622e-02 1.78357244e-02-6.00123665e-03
95.30000000 -1.14929817e-02 -1.05068127e-02 4.48262803e-02-5.10524874e-03
95.40000000 -1.19492309e-02 -1.03823057e-02 7.01664762e-02-4.16019394e-03
95.50000000 -1.22774239e-02 -1.01556829e-02 9.45807888e-02-3.17560367e-03
95.60000000 -1.24773096e-02 -9.82938979e-03 1.18705139e-01-2.16138376e-03
95.70000000 -1.25498168e-02 -9.40684903e-03 1.43144127e-01-1.12771489e-03
95.80000000 -1.24970270e-02 -8.89242519e-03 1.68522400e-01-8.49504566e-05
95.90000000 -1.23221385e-02 -8.29137962e-03 1.95539590e-01 9.56487013e-04
96.00000000 -1.20294200e-02 -7.60981686e-03 2.25039454e-01 1.98620995e-03
96.10000000 -1.16241554e-02 -6.85462277e-03 2.58108657e-01 2.99396925e-03
96.20000000 -1.11125797e-02 -6.03339508e-03 2.96231896e-01 3.96975624e-03
96.30000000 -1.05018073e-02 -5.15436710e-03 3.41554717e-01 4.90390192e-03
96.40000000 -9.79975286e-03 -4.22632530e-03 3.97361792e-01 5.78717274e-03
96.50000000 -9.01504543e-03 -3.25852158e-03 4.69017999e-01 6.61086178e-03
96.60000000 -8.15693764e-03 -2.26058115e-03 5.66003922e-01 7.36687445e-03
96.70000000 -7.23520963e-03 -1.24240688e-03 7.06897126e-01 8.04780798e-03
96.80000000 -6.26006951e-03 -2.14081185e-04 9.33865863e-01 8.64702382e-03
96.90000000 -5.24205092e-03  8.14233778e-04 1.00000000e+00 9.15871226e-03
97.00000000 -4.19190881e-03  1.83239643e-03 1.00000000e+00 9.57794864e-03
97.10000000 -3.12051447e-03  2.83038570e-03 1.00000000e+00 9.90074068e-03
97.20000000 -2.03875067e-03  3.79839960e-03 1.00000000e+00 1.01240663e-02
97.30000000 -9.57408091e-04  4.72695143e-03 1.00000000e+00 1.02459019e-02
97.40000000  1.12916180e-04  5.60696264e-03 9.60517982e-01 1.02652404e-02
97.50000000  1.16191696e-03  6.42985161e-03 6.93900848e-01 1.01820991e-02
97.60000000  2.17967531e-03  7.18761719e-03 5.34619996e-01 9.99751756e-03
97.70000000  3.15674799e-03  7.87291653e-03 4.27589482e-01 9.71354519e-03
97.80000000  4.08425118e-03  8.47913611e-03 3.49816879e-01 9.33321855e-03
97.90000000  4.95393785e-03  9.00045556e-03 2.89981628e-01 8.86052915e-03
98.00000000  5.75826790e-03  9.43190349e-03 2.41842932e-01 8.30038173e-03
98.10000000  6.49047067e-03  9.76940479e-03 2.01658010e-01 7.65854342e-03
98.20000000  7.14459913e-03  1.00098191e-02 1.67025192e-01 6.94158447e-03
98.30000000  7.71557544e-03  1.01509700e-02 1.36310323e-01 6.15681114e-03
98.40000000  8.19922740e-03  1.01916644e-02 1.08338249e-01 5.31219128e-03
98.50000000  8.59231567e-03  1.01317026e-02 8.22145601e-02 4.41627355e-03
98.60000000  8.89255140e-03  9.97187806e-03 5.72149113e-02 3.47810099e-03
98.70000000  9.09860447e-03  9.71396790e-03 3.27102226e-02 2.50711980e-03
98.80000000  9.21010205e-03  9.36071327e-03 8.11010273e-03 1.51308433e-03
98.90000000  9.22761782e-03  8.91579046e-03 1.71868126e-02 5.05959191e-04
99.00000000  9.15265200e-03  8.38377286e-03 4.38446916e-02-5.04180593e-04
99.10000000  8.98760241e-03  7.77008406e-03 7.26543223e-02-1.50725025e-03
99.20000000  8.73572703e-03  7.08094269e-03 1.04622804e-01-2.49325589e-03
99.30000000  8.40109847e-03  6.32329957e-03 1.41112654e-01-3.45239397e-03
99.40000000  7.98855093e-03  5.50476769e-03 1.84075046e-01-4.37514870e-03
99.50000000  7.50362026e-03  4.63354581e-03 2.36469900e-01-5.25238637e-03
99.60000000  6.95247765e-03  3.71833649e-03 3.03082887e-01-6.07544568e-03
99.70000000  6.34185795e-03  2.76825921e-03 3.92267045e-01-6.83622318e-03
99.80000000  5.67898318e-03  1.79275965e-03 5.20122763e-01-7.52725296e-03
99.90000000  4.97148205e-03  8.01515816e-04 7.22322497e-01-8.14177982e-03
100.00000000  4.22730655e-03 -1.95657860e-04 1.00000000e+00-8.67382529e-03
