N     Sum up     Sum down
1      0.001       1
2      0.002001001       1.5
3      0.0030030049       1.8333334
4      0.0040060142       2.0833335
5      0.0050100302       2.2833335
6      0.0060150553       2.4500003
7      0.0070210914       2.5928574
8      0.0080281403       2.7178574
9      0.0090362048       2.8289685
10      0.010045286       2.9289684
11      0.011055388       3.0198774
12      0.01206651       3.1032107
13      0.013078655       3.1801338
14      0.014091826       3.2515624
15      0.015106025       3.318229
16      0.016121253       3.380729
17      0.017137513       3.4395525
18      0.018154807       3.4951081
19      0.019173138       3.5477397
20      0.020192506       3.5977397
21      0.021212913       3.6453588
22      0.022234363       3.6908133
23      0.023256859       3.7342916
24      0.024280401       3.7759583
25      0.025304992       3.8159583
26      0.026330633       3.8544197
27      0.027357327       3.8914568
28      0.028385077       3.9271712
29      0.029413883       3.9616539
30      0.030443748       3.9949872
31      0.031474676       4.0272455
32      0.032506667       4.0584955
33      0.033539724       4.0887985
34      0.034573849       4.1182103
35      0.035609044       4.1467819
36      0.036645312       4.1745596
37      0.037682656       4.2015867
38      0.038721077       4.2279024
39      0.039760578       4.2535434
40      0.04080116       4.2785435
41      0.041842826       4.3029337
42      0.042885579       4.3267431
43      0.04392942       4.349999
44      0.044974353       4.3727264
45      0.046020377       4.3949485
46      0.047067497       4.4166875
47      0.048115715       4.437964
48      0.049165033       4.4587975
49      0.050215453       4.4792056
50      0.051266976       4.4992056
51      0.052319609       4.5188136
52      0.053373348       4.5380445
53      0.054428201       4.5569124
54      0.055484168       4.5754309
55      0.056541249       4.5936127
56      0.057599451       4.6114697
57      0.058658775       4.6290135
58      0.05971922       4.646255
59      0.06078079       4.6632042
60      0.061843488       4.6798711
61      0.062907316       4.6962647
62      0.063972279       4.7123938
63      0.065038376       4.7282667
64      0.066105612       4.7438917
65      0.067173988       4.7592764
66      0.068243504       4.7744279
67      0.069314167       4.7893534
68      0.070385978       4.804059
69      0.071458936       4.818552
70      0.072533049       4.8328376
71      0.073608316       4.8469219
72      0.074684739       4.8608108
73      0.075762324       4.8745093
74      0.076841071       4.8880229
75      0.077920988       4.9013562
76      0.079002067       4.9145141
77      0.080084316       4.9275012
78      0.081167743       4.9403219
79      0.082252339       4.95298
80      0.083338112       4.9654799
81      0.084425069       4.9778256
82      0.085513212       4.9900208
83      0.086602539       5.002069
84      0.087693051       5.0139737
85      0.088784754       5.0257382
86      0.08987765       5.0373659
87      0.090971746       5.0488601
88      0.092067033       5.0602236
89      0.093163528       5.0714598
90      0.094261222       5.082571
91      0.095360123       5.0935602
92      0.096460231       5.1044297
93      0.097561553       5.1151824
94      0.09866409       5.1258206
95      0.099767841       5.1363468
96      0.10087281       5.1467633
97      0.10197901       5.1570725
98      0.10308643       5.1672769
99      0.10419507       5.1773777
100      0.10530495       5.1873779
101      0.10641606       5.197279
102      0.10752841       5.2070827
103      0.108642       5.2167916
104      0.10975683       5.2264071
105      0.1108729       5.2359309
106      0.11199022       5.2453647
107      0.11310879       5.2547107
108      0.11422861       5.2639699
109      0.11534969       5.2731442
110      0.11647202       5.2822351
111      0.11759561       5.291244
112      0.11872047       5.3001728
113      0.1198466       5.3090224
114      0.12097399       5.3177943
115      0.12210266       5.3264899
116      0.1232326       5.3351107
117      0.12436382       5.3436575
118      0.12549631       5.3521318
119      0.1266301       5.3605351
120      0.12776518       5.3688684
121      0.12890154       5.3771329
122      0.1300392       5.3853297
123      0.13117816       5.3934598
124      0.13231841       5.4015245
125      0.13345996       5.4095244
126      0.13460281       5.4174609
127      0.13574699       5.4253349
128      0.13689247       5.4331474
129      0.13803926       5.4408994
130      0.13918737       5.4485917
131      0.1403368       5.4562254
132      0.14148754       5.4638014
133      0.14263961       5.4713202
134      0.14379302       5.4787827
135      0.14494775       5.4861898
136      0.14610383       5.4935427
137      0.14726123       5.5008421
138      0.14841998       5.5080886
139      0.14958008       5.5152826
140      0.15074152       5.5224257
141      0.15190431       5.5295177
142      0.15306845       5.5365601
143      0.15423395       5.5435529
144      0.15540081       5.5504975
145      0.15656903       5.557394
146      0.15773863       5.5642433
147      0.15890959       5.5710459
148      0.16008192       5.5778027
149      0.16125563       5.5845141
150      0.16243072       5.5911808
151      0.1636072       5.5978031
152      0.16478506       5.604382
153      0.16596431       5.610918
154      0.16714494       5.6174116
155      0.16832697       5.6238632
156      0.16951041       5.6302733
157      0.17069525       5.6366429
158      0.17188148       5.642972
159      0.17306913       5.6492615
160      0.1742582       5.6555114
161      0.17544869       5.6617227
162      0.17664059       5.6678953
163      0.1778339       5.6740303
164      0.17902865       5.6801281
165      0.18022482       5.6861887
166      0.18142243       5.6922126
167      0.18262146       5.6982007
168      0.18382195       5.7041531
169      0.18502387       5.7100701
170      0.18622725       5.7159524
171      0.18743207       5.7218003
172      0.18863834       5.7276144
173      0.18984607       5.7333946
174      0.19105525       5.7391419
175      0.19226591       5.7448564
176      0.19347803       5.7505383
177      0.19469163       5.7561879
178      0.1959067       5.761806
179      0.19712324       5.7673926
180      0.19834127       5.7729483
181      0.19956078       5.7784729
182      0.20078178       5.7839675
183      0.20200427       5.789432
184      0.20322827       5.794867
185      0.20445375       5.8002725
186      0.20568074       5.8056488
187      0.20690924       5.8109965
188      0.20813926       5.8163157
189      0.20937078       5.8216066
190      0.21060382       5.82687
191      0.21183838       5.8321056
192      0.21307448       5.8373141
193      0.21431211       5.8424954
194      0.21555126       5.8476501
195      0.21679196       5.8527784
196      0.21803419       5.8578806
197      0.21927798       5.8629565
198      0.22052331       5.8680072
199      0.2217702       5.8730321
200      0.22301863       5.8780322
201      0.22426863       5.8830075
202      0.22552019       5.887958
203      0.22677332       5.8928843
204      0.22802803       5.8977861
205      0.22928432       5.9026642
206      0.23054218       5.9075184
207      0.23180163       5.9123492
208      0.23306267       5.9171567
209      0.23432529       5.9219413
210      0.23558952       5.926703
211      0.23685534       5.9314423
212      0.23812278       5.9361591
213      0.23939182       5.9408541
214      0.24066247       5.9455271
215      0.24193473       5.9501781
216      0.24320862       5.9548078
217      0.24448413       5.9594159
218      0.24576126       5.9640031
219      0.24704003       5.9685693
220      0.24832045       5.973115
221      0.2496025       5.9776397
222      0.2508862       5.9821444
223      0.25217155       5.9866285
224      0.25345856       5.9910927
225      0.25474721       5.9955373
226      0.25603753       5.9999619
227      0.25732952       6.0043674
228      0.25862318       6.0087533
229      0.25991851       6.0131202
230      0.26121554       6.017468
231      0.26251423       6.0217972
232      0.26381463       6.0261073
233      0.26511672       6.0303993
234      0.26642051       6.0346727
235      0.267726       6.038928
236      0.26903319       6.0431652
237      0.27034208       6.0473847
238      0.2716527       6.0515866
239      0.27296504       6.0557709
240      0.27427912       6.0599375
241      0.27559492       6.0640869
242      0.27691245       6.0682192
243      0.27823171       6.0723343
244      0.27955273       6.0764327
245      0.28087547       6.0805144
246      0.28219998       6.0845795
247      0.28352624       6.0886278
248      0.28485426       6.09266
249      0.28618404       6.0966759
250      0.28751561       6.1006761
251      0.28884894       6.10466
252      0.29018405       6.1086283
253      0.29152095       6.1125808
254      0.29285964       6.116518
255      0.29420012       6.1204395
256      0.29554242       6.1243458
257      0.2968865       6.1282368
258      0.29823241       6.1321125
259      0.29958013       6.1359735
260      0.30092967       6.1398196
261      0.30228102       6.143651
262      0.3036342       6.1474676
263      0.30498922       6.1512699
264      0.30634606       6.1550579
265      0.30770475       6.1588316
266      0.30906528       6.162591
267      0.31042767       6.1663365
268      0.31179193       6.1700678
269      0.31315804       6.1737852
270      0.31452602       6.1774888
271      0.31589589       6.181179
272      0.31726763       6.1848555
273      0.31864125       6.1885185
274      0.32001677       6.1921682
275      0.32139418       6.1958046
276      0.32277349       6.1994276
277      0.3241547       6.2030377
278      0.32553783       6.206635
279      0.32692286       6.2102194
280      0.32830983       6.2137909
281      0.32969871       6.2173495
282      0.33108953       6.2208958
283      0.33248228       6.2244291
284      0.33387697       6.2279501
285      0.33527362       6.2314587
286      0.33667222       6.2349553
287      0.33807278       6.2384396
288      0.3394753       6.2419119
289      0.3408798       6.2453723
290      0.34228626       6.2488208
291      0.34369472       6.2522573
292      0.34510514       6.255682
293      0.34651756       6.2590952
294      0.34793198       6.2624965
295      0.34934843       6.2658863
296      0.35076687       6.2692647
297      0.35218734       6.2726316
298      0.3536098       6.2759871
299      0.35503429       6.2793317
300      0.35646084       6.2826653
301      0.35788941       6.2859874
302      0.35932001       6.2892985
303      0.36075267       6.2925987
304      0.36218739       6.2958884
305      0.36362416       6.2991672
306      0.36506301       6.3024349
307      0.36650392       6.3056922
308      0.36794692       6.308939
309      0.36939201       6.3121753
310      0.37083918       6.3154011
311      0.37228847       6.3186164
312      0.37373984       6.3218217
313      0.37519333       6.3250165
314      0.37664893       6.3282013
315      0.37810665       6.3313761
316      0.37956652       6.3345408
317      0.3810285       6.3376956
318      0.38249263       6.3408403
319      0.38395891       6.3439751
320      0.38542733       6.3471003
321      0.38689792       6.3502154
322      0.38837066       6.3533211
323      0.38984558       6.3564172
324      0.39132267       6.3595037
325      0.39280197       6.3625808
326      0.39428344       6.3656483
327      0.39576712       6.3687062
328      0.39725301       6.3717551
329      0.3987411       6.3747945
330      0.40023142       6.3778248
331      0.40172395       6.380846
332      0.40321872       6.3838582
333      0.40471572       6.3868613
334      0.40621495       6.3898554
335      0.40771645       6.3928404
336      0.40922022       6.3958168
337      0.41072625       6.3987842
338      0.41223454       6.4017429
339      0.41374511       6.4046926
340      0.41525796       6.4076338
341      0.41677311       6.4105663
342      0.41829056       6.4134903
343      0.41981032       6.4164057
344      0.42133239       6.4193125
345      0.42285678       6.4222112
346      0.42438349       6.4251013
347      0.42591253       6.4279833
348      0.42744392       6.4308567
349      0.42897767       6.433722
350      0.43051377       6.4365792
351      0.43205222       6.4394283
352      0.43359306       6.4422693
353      0.43513629       6.4451022
354      0.4366819       6.447927
355      0.43822989       6.4507437
356      0.43978027       6.4535527
357      0.44133306       6.4563537
358      0.44288826       6.459147
359      0.44444588       6.4619327
360      0.44600594       6.4647102
361      0.44756845       6.4674802
362      0.4491334       6.4702425
363      0.45070079       6.4729972
364      0.45227066       6.4757442
365      0.453843       6.4784842
366      0.45541781       6.4812164
367      0.4569951       6.4839411
368      0.45857489       6.4866586
369      0.46015716       6.4893684
370      0.46174195       6.4920712
371      0.46332926       6.4947667
372      0.46491909       6.4974551
373      0.46651146       6.5001359
374      0.46810636       6.5028095
375      0.46970379       6.505476
376      0.47130379       6.5081358
377      0.47290635       6.5107884
378      0.47451147       6.5134339
379      0.47611919       6.5160723
380      0.4777295       6.5187039
381      0.4793424       6.5213284
382      0.4809579       6.5239463
383      0.48257601       6.5265574
384      0.48419675       6.5291615
385      0.48582011       6.5317588
386      0.48744613       6.5343494
387      0.4890748       6.5369334
388      0.49070612       6.5395107
389      0.49234012       6.5420814
390      0.49397677       6.5446453
391      0.49561611       6.5472031
392      0.49725816       6.5497541
393      0.49890289       6.5522985
394      0.50055033       6.5548368
395      0.50220048       6.5573683
396      0.50385338       6.5598936
397      0.50550902       6.5624123
398      0.5071674       6.5649247
399      0.50882852       6.567431
400      0.51049244       6.569931
401      0.51215911       6.5724249
402      0.51382858       6.5749125
403      0.51550084       6.577394
404      0.51717591       6.5798693
405      0.51885378       6.5823383
406      0.52053446       6.5848012
407      0.52221793       6.5872583
408      0.52390426       6.5897093
409      0.52559346       6.5921545
410      0.52728552       6.5945935
411      0.52898043       6.5970268
412      0.53067821       6.5994539
413      0.53237891       6.6018753
414      0.53408247       6.604291
415      0.53578895       6.6067004
416      0.53749835       6.6091042
417      0.53921068       6.6115022
418      0.54092592       6.6138945
419      0.54264414       6.616281
420      0.54436529       6.6186619
421      0.54608941       6.621037
422      0.54781651       6.6234069
423      0.5495466       6.625771
424      0.55127972       6.6281295
425      0.55301583       6.6304822
426      0.55475497       6.6328297
427      0.55649716       6.6351714
428      0.55824238       6.6375079
429      0.55999064       6.6398387
430      0.56174195       6.6421642
431      0.56349635       6.6444845
432      0.56525379       6.6467996
433      0.56701434       6.6491089
434      0.56877798       6.651413
435      0.57054478       6.6537118
436      0.57231468       6.6560054
437      0.57408774       6.6582937
438      0.57586396       6.6605768
439      0.57764333       6.6628547
440      0.57942587       6.6651273
441      0.58121157       6.6673946
442      0.58300048       6.6696572
443      0.58479261       6.6719146
444      0.58658797       6.6741667
445      0.58838654       6.676414
446      0.59018832       6.6786561
447      0.59199339       6.6808934
448      0.59380174       6.6831255
449      0.59561336       6.6853528
450      0.59742826       6.6875749
451      0.59924644       6.6897922
452      0.60106796       6.6920047
453      0.60289276       6.694212
454      0.60472089       6.6964145
455      0.60655242       6.6986122
456      0.60838729       6.7008052
457      0.6102255       6.7029934
458      0.6120671       6.7051768
459      0.61391211       6.7073555
460      0.61576051       6.7095294
461      0.61761236       6.7116985
462      0.61946768       6.7138629
463      0.62132639       6.7160225
464      0.62318856       6.7181778
465      0.62505424       6.7203283
466      0.62692338       6.7224741
467      0.62879604       6.7246156
468      0.63067222       6.7267523
469      0.63255191       6.7288847
470      0.63443518       6.7310123
471      0.63632196       6.7331357
472      0.63821232       6.7352543
473      0.64010626       6.7373686
474      0.64200377       6.7394781
475      0.64390492       6.7415833
476      0.64580971       6.7436843
477      0.64771813       6.7457809
478      0.64963019       6.7478728
479      0.65154588       6.7499604
480      0.65346527       6.7520437
481      0.65538836       6.7541227
482      0.65731514       6.7561975
483      0.65924561       6.7582679
484      0.66117984       6.760334
485      0.66311783       6.7623959
486      0.66505957       6.7644534
487      0.66700506       6.7665067
488      0.66895437       6.7685556
489      0.6709075       6.7706008
490      0.67286444       6.7726417
491      0.67482525       6.7746782
492      0.67678988       6.776711
493      0.67875838       6.7787395
494      0.68073076       6.7807636
495      0.68270707       6.782784
496      0.68468726       6.7848001
497      0.68667138       6.7868123
498      0.68865943       6.7888203
499      0.69065148       6.7908244
500      0.69264746       6.7928243
501      0.69464743       6.7948203
502      0.69665146       6.7968125
503      0.69865948       6.7988005
504      0.70067155       6.8007846
505      0.70268768       6.8027649
506      0.70470786       6.8047414
507      0.70673215       6.8067136
508      0.70876056       6.808682
509      0.71079308       6.8106465
510      0.71282971       6.8126073
511      0.71487051       6.8145642
512      0.71691549       6.8165174
513      0.7189647       6.8184667
514      0.72101808       6.8204122
515      0.72307569       6.8223538
516      0.72513753       6.8242917
517      0.72720367       6.8262258
518      0.72927403       6.8281565
519      0.73134875       6.8300834
520      0.73342776       6.8320065
521      0.73551112       6.8339257
522      0.73759884       6.8358417
523      0.7396909       6.8377538
524      0.74178731       6.8396621
525      0.74388814       6.841567
526      0.74599338       6.8434682
527      0.74810308       6.8453655
528      0.75021726       6.8472595
529      0.75233591       6.8491497
530      0.75445902       6.8510365
531      0.75658667       6.8529196
532      0.75871885       6.8547993
533      0.76085562       6.8566756
534      0.76299697       6.8585482
535      0.76514292       6.8604174
536      0.76729345       6.8622832
537      0.76944864       6.8641453
538      0.77160847       6.866004
539      0.77377295       6.8678594
540      0.77594215       6.8697114
541      0.77811605       6.8715596
542      0.78029472       6.8734045
543      0.78247809       6.875246
544      0.7846663       6.8770843
545      0.78685927       6.8789191
546      0.78905708       6.8807507
547      0.79125971       6.8825788
548      0.79346722       6.8844037
549      0.79567963       6.8862252
550      0.79789692       6.8880434
551      0.80011916       6.8898582
552      0.80234635       6.8916698
553      0.80457848       6.8934779
554      0.80681562       6.8952827
555      0.80905777       6.8970847
556      0.81130499       6.8988833
557      0.81355727       6.9006786
558      0.81581461       6.9024706
559      0.81807709       6.9042597
560      0.82034469       6.9060454
561      0.82261741       6.9078279
562      0.82489532       6.9096074
563      0.82717842       6.9113836
564      0.82946676       6.9131565
565      0.83176035       6.9149265
566      0.83405918       6.9166932
567      0.83636332       6.918457
568      0.83867276       6.9202175
569      0.84098756       6.9219751
570      0.84330773       6.9237294
571      0.84563333       6.9254808
572      0.84796435       6.9272289
573      0.85030079       6.9289742
574      0.85264271       6.9307165
575      0.85499012       6.9324555
576      0.85734308       6.9341917
577      0.85970157       6.935925
578      0.86206561       6.937655
579      0.86443526       6.9393821
580      0.86681056       6.9411063
581      0.86919153       6.9428277
582      0.87157816       6.9445457
583      0.87397051       6.9462609
584      0.87636858       6.9479733
585      0.87877244       6.9496827
586      0.88118207       6.9513893
587      0.88359755       6.9530931
588      0.88601887       6.9547939
589      0.88844603       6.9564919
590      0.89087909       6.9581866
591      0.89331812       6.9598784
592      0.8957631       6.9615674
593      0.8982141       6.963254
594      0.90067112       6.9649377
595      0.90313417       6.9666185
596      0.90560329       6.9682965
597      0.90807855       6.9699717
598      0.91055995       6.9716439
599      0.91304749       6.9733133
600      0.91554123       6.9749799
601      0.91804123       6.9766436
602      0.92054749       6.9783049
603      0.92306006       6.9799633
604      0.92557895       6.9816189
605      0.92810422       6.9832716
606      0.93063587       6.9849219
607      0.93317395       6.9865694
608      0.93571848       6.988214
609      0.9382695       6.9898562
610      0.94082701       6.9914956
611      0.94339114       6.9931321
612      0.94596183       6.9947662
613      0.94853914       6.9963975
614      0.95112312       6.9980264
615      0.95371377       6.9996524
616      0.95631117       7.0012755
617      0.95891535       7.0028963
618      0.96152633       7.0045142
619      0.96414411       7.0061297
620      0.9667688       7.0077429
621      0.96940041       7.0093532
622      0.97203892       7.0109611
623      0.97468442       7.0125661
624      0.97733694       7.0141687
625      0.9799965       7.0157685
626      0.98266315       7.0173659
627      0.98533696       7.018961
628      0.98801792       7.0205531
629      0.99070609       7.0221429
630      0.99340153       7.0237303
631      0.99610424       7.0253153
632      0.99881428       7.0268974
633      1.0015317       7.0284772
634      1.0042565       7.0300546
635      1.0069888       7.0316296
636      1.0097284       7.0332017
637      1.0124757       7.0347714
638      1.0152305       7.0363388
639      1.017993       7.0379038
640      1.020763       7.0394664
641      1.0235409       7.0410266
642      1.0263264       7.0425844
643      1.0291197       7.0441399
644      1.0319209       7.0456924
645      1.03473       7.0472426
646      1.0375469       7.0487905
647      1.0403718       7.0503359
648      1.0432047       7.0518789
649      1.0460455       7.0534196
650      1.0488945       7.0549579
651      1.0517516       7.0564938
652      1.0546169       7.0580273
653      1.0574905       7.0595589
654      1.0603724       7.0610881
655      1.0632626       7.0626149
656      1.0661612       7.0641394
657      1.0690681       7.0656614
658      1.0719836       7.0671811
659      1.0749075       7.0686984
660      1.0778401       7.0702138
661      1.0807812       7.0717268
662      1.0837311       7.0732374
663      1.0866896       7.0747457
664      1.0896569       7.0762515
665      1.0926331       7.0777555
666      1.0956182       7.079257
667      1.0986123       7.0807562
668      1.1016153       7.082253
669      1.1046274       7.0837479
670      1.1076485       7.0852404
671      1.1106788       7.0867305
672      1.1137183       7.0882187
673      1.116767       7.0897045
674      1.1198251       7.0911884
675      1.1228926       7.09267
676      1.1259695       7.0941491
677      1.129056       7.0956264
678      1.132152       7.0971012
679      1.1352576       7.0985742
680      1.1383729       7.1000447
681      1.1414979       7.1015134
682      1.1446327       7.1029797
683      1.1477773       7.104444
684      1.1509318       7.105906
685      1.1540964       7.1073661
686      1.157271       7.1088238
687      1.1604557       7.1102796
688      1.1636506       7.111733
689      1.1668558       7.1131845
690      1.1700712       7.1146336
691      1.173297       7.1160808
692      1.1765333       7.1175261
693      1.1797801       7.118969
694      1.1830374       7.12041
695      1.1863054       7.1218486
696      1.1895841       7.1232853
697      1.1928736       7.1247201
698      1.1961739       7.126153
699      1.1994852       7.1275835
700      1.2028074       7.1290121
701      1.2061408       7.1304388
702      1.2094853       7.1318631
703      1.212841       7.1332855
704      1.216208       7.134706
705      1.2195864       7.1361246
706      1.2229762       7.1375408
707      1.2263776       7.1389551
708      1.2297906       7.1403675
709      1.2332152       7.141778
710      1.2366517       7.1431866
711      1.2400999       7.1445932
712      1.2435601       7.1459975
713      1.2470323       7.1473999
714      1.2505167       7.1488004
715      1.2540132       7.1501989
716      1.257522       7.1515956
717      1.2610431       7.1529903
718      1.2645767       7.1543832
719      1.2681228       7.1557741
720      1.2716815       7.1571631
721      1.2752529       7.1585503
722      1.2788372       7.1599355
723      1.2824343       7.1613188
724      1.2860445       7.1627002
725      1.2896677       7.1640797
726      1.2933041       7.1654572
727      1.2969537       7.1668329
728      1.3006167       7.1682067
729      1.3042932       7.1695786
730      1.3079832       7.1709485
731      1.3116869       7.1723166
732      1.3154043       7.1736827
733      1.3191357       7.1750469
734      1.322881       7.1764092
735      1.3266404       7.1777697
736      1.3304139       7.1791282
737      1.3342018       7.1804852
738      1.3380041       7.1818404
739      1.341821       7.1831937
740      1.3456523       7.184545
741      1.3494985       7.1858945
742      1.3533595       7.187242
743      1.3572354       7.1885881
744      1.3611264       7.1899323
745      1.3650327       7.1912746
746      1.3689543       7.192615
747      1.3728913       7.1939535
748      1.3768439       7.1952906
749      1.3808122       7.1966257
750      1.3847963       7.1979589
751      1.3887962       7.1992903
752      1.3928123       7.2006202
753      1.3968445       7.2019482
754      1.4008931       7.2032743
755      1.4049581       7.2045989
756      1.4090397       7.2059216
757      1.4131382       7.2072425
758      1.4172534       7.2085619
759      1.4213856       7.2098794
760      1.4255351       7.211195
761      1.4297018       7.2125092
762      1.4338859       7.2138214
763      1.4380876       7.2151322
764      1.442307       7.2164412
765      1.4465443       7.2177482
766      1.4507996       7.2190537
767      1.4550731       7.2203574
768      1.459365       7.2216597
769      1.4636754       7.22296
770      1.4680043       7.2242589
771      1.4723521       7.2255559
772      1.4767189       7.2268515
773      1.4811049       7.2281451
774      1.4855101       7.2294369
775      1.4899349       7.2307272
776      1.4943794       7.2320161
777      1.4988437       7.2333031
778      1.503328       7.2345886
779      1.5078325       7.2358723
780      1.5123575       7.2371545
781      1.5169029       7.2384348
782      1.5214691       7.2397137
783      1.5260563       7.2409906
784      1.5306646       7.2422662
785      1.5352942       7.2435403
786      1.5399454       7.2448125
787      1.5446182       7.2460833
788      1.5493131       7.2473521
789      1.5540301       7.2486196
790      1.5587693       7.2498856
791      1.5635313       7.2511497
792      1.568316       7.2524123
793      1.5731237       7.2536736
794      1.5779546       7.2549329
795      1.582809       7.2561908
796      1.587687       7.2574472
797      1.592589       7.2587018
798      1.5975151       7.2599549
799      1.6024656       7.2612066
800      1.6074407       7.2624564
801      1.6124407       7.2637048
802      1.6174659       7.2649517
803      1.6225164       7.2661972
804      1.6275926       7.2674408
805      1.6326946       7.268683
806      1.6378229       7.2699237
807      1.6429775       7.271163
808      1.6481588       7.2724004
809      1.6533672       7.2736363
810      1.6586027       7.2748709
811      1.6638659       7.276104
812      1.6691569       7.2773356
813      1.674476       7.2785659
814      1.6798236       7.2797942
815      1.6852       7.2810211
816      1.6906054       7.2822466
817      1.6960402       7.2834706
818      1.7015046       7.2846932
819      1.7069991       7.2859144
820      1.7125239       7.2871342
821      1.7180794       7.288352
822      1.7236661       7.2895684
823      1.729284       7.2907834
824      1.7349337       7.291997
825      1.7406156       7.2932091
826      1.7463299       7.2944198
827      1.752077       7.295629
828      1.7578573       7.2968369
829      1.7636713       7.2980433
830      1.7695192       7.2992482
831      1.7754016       7.3004518
832      1.7813188       7.3016539
833      1.7872711       7.3028545
834      1.7932591       7.3040538
835      1.7992833       7.3052516
836      1.8053439       7.306448
837      1.8114414       7.3076429
838      1.8175764       7.3088365
839      1.8237493       7.3100286
840      1.8299605       7.3112192
841      1.8362105       7.3124084
842      1.8424999       7.3135962
843      1.8488289       7.3147826
844      1.8551984       7.3159676
845      1.8616086       7.3171511
846      1.8680602       7.3183331
847      1.8745537       7.3195138
848      1.8810897       7.320693
849      1.8876686       7.3218708
850      1.8942912       7.3230472
851      1.9009578       7.3242221
852      1.9076692       7.3253956
853      1.914426       7.3265681
854      1.9212286       7.3277392
855      1.9280779       7.3289089
856      1.9349744       7.3300772
857      1.9419188       7.331244
858      1.9489119       7.3324094
859      1.9559542       7.3335733
860      1.9630464       7.3347363
861      1.9701893       7.3358979
862      1.9773836       7.3370581
863      1.98463       7.3382168
864      1.9919293       7.3393741
865      1.9992822       7.3405299
866      2.0066895       7.3416848
867      2.0141523       7.3428383
868      2.0216711       7.3439903
869      2.0292468       7.3451409
870      2.0368805       7.3462906
871      2.0445728       7.3474388
872      2.0523248       7.3485856
873      2.0601373       7.349731
874      2.0680113       7.3508749
875      2.0759478       7.3520179
876      2.0839477       7.3531594
877      2.0920122       7.3542995
878      2.1001422       7.3554387
879      2.1083391       7.3565764
880      2.1166036       7.3577127
881      2.1249371       7.3588476
882      2.1333404       7.3599815
883      2.1418149       7.361114
884      2.150362       7.3622451
885      2.1589828       7.3633752
886      2.1676784       7.3645039
887      2.1764503       7.3656311
888      2.1852999       7.3667574
889      2.1942284       7.3678823
890      2.2032375       7.3690057
891      2.2123284       7.3701282
892      2.2215028       7.3712492
893      2.230762       7.3723688
894      2.2401078       7.3734875
895      2.2495418       7.3746047
896      2.2590656       7.375721
897      2.268681       7.3768358
898      2.2783897       7.3779492
899      2.2881937       7.3790617
900      2.2980947       7.3801727
901      2.3080947       7.3812828
902      2.3181958       7.3823915
903      2.3283999       7.3834987
904      2.3387091       7.3846049
905      2.3491259       7.3857098
906      2.3596523       7.3868136
907      2.3702905       7.3879161
908      2.3810432       7.3890176
909      2.3919127       7.3901176
910      2.4029016       7.3912168
911      2.4140127       7.3923144
912      2.4252486       7.3934112
913      2.4366124       7.3945065
914      2.4481065       7.3956003
915      2.4597344       7.3966932
916      2.4714992       7.3977847
917      2.4834039       7.3988752
918      2.4954522       7.3999643
919      2.5076473       7.4010525
920      2.5199931       7.4021397
921      2.5324931       7.4032254
922      2.5451512       7.4043102
923      2.5579717       7.4053936
924      2.5709586       7.406476
925      2.5841165       7.407557
926      2.5974498       7.408637
927      2.6109633       7.4097157
928      2.6246619       7.4107933
929      2.6385508       7.4118695
930      2.6526353       7.4129448
931      2.6669211       7.4140191
932      2.6814139       7.415092
933      2.6961198       7.4161639
934      2.7110453       7.4172344
935      2.7261968       7.418304
936      2.7415814       7.4193726
937      2.7572064       7.4204397
938      2.7730794       7.4215059
939      2.7892084       7.4225707
940      2.8056018       7.4236345
941      2.8222685       7.4246974
942      2.8392177       7.4257588
943      2.8564591       7.4268193
944      2.8740029       7.4278789
945      2.89186       7.428937
946      2.9100418       7.4299941
947      2.9285603       7.4310503
948      2.9474282       7.4321051
949      2.9666591       7.4331589
950      2.9862669       7.4342117
951      3.0062668       7.4352632
952      3.026675       7.4363136
953      3.0475082       7.4373631
954      3.068785       7.4384112
955      3.0905242       7.4394584
956      3.1127465       7.4405046
957      3.1354737       7.4415493
958      3.1587296       7.4425931
959      3.182539       7.4436359
960      3.2069292       7.4446778
961      3.2319293       7.4457183
962      3.2575703       7.4467578
963      3.283886       7.4477963
964      3.3109131       7.4488335
965      3.3386908       7.4498696
966      3.3672621       7.4509048
967      3.3966739       7.4519391
968      3.4269769       7.4529719
969      3.4582269       7.4540038
970      3.490485       7.4550347
971      3.5238183       7.4560647
972      3.558301       7.4570937
973      3.5940154       7.4581213
974      3.6310525       7.4591479
975      3.6695139       7.4601736
976      3.7095139       7.4611983
977      3.7511806       7.4622221
978      3.7946589       7.4632444
979      3.8401134       7.4642658
980      3.8877325       7.4652863
981      3.9377325       7.4663057
982      3.9903641       7.4673243
983      4.0459194       7.4683414
984      4.104743       7.4693575
985      4.167243       7.4703727
986      4.2339096       7.4713869
987      4.3053384       7.4724002
988      4.3822613       7.4734125
989      4.4655948       7.4744234
990      4.5565038       7.4754333
991      4.6565037       7.4764423
992      4.7676148       7.4774504
993      4.8926148       7.4784575
994      5.0354719       7.4794636
995      5.2021384       7.4804688
996      5.4021382       7.481473
997      5.6521382       7.4824758
998      5.9854717       7.4834776
999      6.4854717       7.4844785
1000      7.4854717       7.4854784
