#  N     Milne    
#-----------------------------------------
0.477121  4.112993e-01
8.450980e-01  -3.840201e-01
1.041393e+00  -8.239786e-01
1.176091e+00  -1.118382e+00
1.278754e+00  -1.338844e+00
1.361728e+00  -1.514904e+00
1.431364e+00  -1.661403e+00
1.491362e+00  -1.786818e+00
1.544068e+00  -1.896445e+00
1.591065e+00  -1.993817e+00
1.633468e+00  -2.081387e+00
1.672098e+00  -2.160944e+00
1.707570e+00  -2.233850e+00
1.740363e+00  -2.301115e+00
1.770852e+00  -2.363544e+00
1.799341e+00  -2.421803e+00
1.826075e+00  -2.476380e+00
1.851258e+00  -2.527753e+00
1.875061e+00  -2.576256e+00
1.897627e+00  -2.622193e+00
1.919078e+00  -2.665858e+00
1.939519e+00  -2.707396e+00
1.959041e+00  -2.747064e+00
1.977724e+00  -2.784983e+00
1.995635e+00  -2.821345e+00
2.012837e+00  -2.856212e+00
2.029384e+00  -2.889781e+00
2.045323e+00  -2.922059e+00
2.060698e+00  -2.953210e+00
2.075547e+00  -2.983238e+00
2.089905e+00  -3.012380e+00
2.103804e+00  -3.040387e+00
2.117271e+00  -3.067634e+00
2.130334e+00  -3.094111e+00
2.143015e+00  -3.119611e+00
2.155336e+00  -3.144561e+00
2.167317e+00  -3.168833e+00
2.178977e+00  -3.192284e+00
2.190332e+00  -3.215396e+00
2.201397e+00  -3.237671e+00
2.212188e+00  -3.259370e+00
2.222716e+00  -3.280747e+00
2.232996e+00  -3.301440e+00
2.243038e+00  -3.321650e+00
2.252853e+00  -3.341631e+00
2.262451e+00  -3.361010e+00
2.271842e+00  -3.379866e+00
2.281033e+00  -3.398299e+00
2.290035e+00  -3.416438e+00
2.298853e+00  -3.434211e+00
2.307496e+00  -3.451659e+00
2.315970e+00  -3.468834e+00
2.324282e+00  -3.485415e+00
2.332438e+00  -3.501979e+00
2.340444e+00  -3.518216e+00
2.348305e+00  -3.533920e+00
2.356026e+00  -3.549911e+00
2.363612e+00  -3.564950e+00
2.371068e+00  -3.579719e+00
2.378398e+00  -3.594841e+00
2.385606e+00  -3.609124e+00
2.392697e+00  -3.623356e+00
2.399674e+00  -3.637702e+00
2.406540e+00  -3.651392e+00
2.413300e+00  -3.664938e+00
2.419956e+00  -3.678920e+00
2.426511e+00  -3.691692e+00
2.432969e+00  -3.704636e+00
2.439333e+00  -3.717311e+00
2.445604e+00  -3.730367e+00
2.451786e+00  -3.742886e+00
2.457882e+00  -3.755292e+00
2.463893e+00  -3.766571e+00
2.469822e+00  -3.779427e+00
2.475671e+00  -3.790308e+00
2.481443e+00  -3.802547e+00
2.487138e+00  -3.813478e+00
2.492760e+00  -3.824974e+00
2.498311e+00  -3.836491e+00
2.503791e+00  -3.847723e+00
2.509203e+00  -3.858331e+00
2.514548e+00  -3.869206e+00
2.519828e+00  -3.879714e+00
2.525045e+00  -3.889822e+00
2.530200e+00  -3.900848e+00
2.535294e+00  -3.910774e+00
2.540329e+00  -3.920932e+00
2.545307e+00  -3.930608e+00
2.550228e+00  -3.941618e+00
2.555094e+00  -3.950632e+00
2.559907e+00  -3.959836e+00
2.564666e+00  -3.970430e+00
2.569374e+00  -3.980069e+00
2.574031e+00  -3.989096e+00
2.578639e+00  -3.997892e+00
2.583199e+00  -4.006438e+00
2.587711e+00  -4.016920e+00
2.592177e+00  -4.025853e+00
2.596597e+00  -4.034973e+00
2.600973e+00  -4.043348e+00
2.605305e+00  -4.050453e+00
2.609594e+00  -4.062559e+00
2.613842e+00  -4.070487e+00
2.618048e+00  -4.078055e+00
2.622214e+00  -4.086274e+00
2.626340e+00  -4.094124e+00
2.630428e+00  -4.101580e+00
2.634477e+00  -4.111360e+00
2.638489e+00  -4.119121e+00
2.642465e+00  -4.127023e+00
2.646404e+00  -4.136234e+00
2.650308e+00  -4.143273e+00
2.654177e+00  -4.150428e+00
2.658011e+00  -4.158314e+00
2.661813e+00  -4.166970e+00
2.665581e+00  -4.175166e+00
2.669317e+00  -4.181577e+00
2.673021e+00  -4.188084e+00
2.676694e+00  -4.194025e+00
2.680336e+00  -4.202075e+00
2.683947e+00  -4.213046e+00
2.687529e+00  -4.216532e+00
2.691081e+00  -4.224301e+00
2.694605e+00  -4.234395e+00
2.698101e+00  -4.238793e+00
2.701568e+00  -4.249233e+00
2.705008e+00  -4.253785e+00
2.708421e+00  -4.259930e+00
2.711807e+00  -4.271692e+00
2.715167e+00  -4.275684e+00
2.718502e+00  -4.282149e+00
2.721811e+00  -4.286239e+00
2.725095e+00  -4.292031e+00
2.728354e+00  -4.300441e+00
2.731589e+00  -4.306426e+00
2.734800e+00  -4.316002e+00
2.737987e+00  -4.323101e+00
2.741152e+00  -4.326694e+00
2.744293e+00  -4.331228e+00
2.747412e+00  -4.340441e+00
2.750508e+00  -4.345122e+00
2.753583e+00  -4.352718e+00
2.756636e+00  -4.355601e+00
2.759668e+00  -4.363384e+00
2.762679e+00  -4.372310e+00
2.765669e+00  -4.379381e+00
2.768638e+00  -4.381423e+00
2.771587e+00  -4.386570e+00
2.774517e+00  -4.397050e+00
2.777427e+00  -4.402386e+00
2.780317e+00  -4.406703e+00
2.783189e+00  -4.412160e+00
2.786041e+00  -4.421037e+00
2.788875e+00  -4.426678e+00
2.791691e+00  -4.431245e+00
2.794488e+00  -4.437022e+00
2.797268e+00  -4.444056e+00
2.800029e+00  -4.446427e+00
2.802774e+00  -4.447617e+00
2.805501e+00  -4.459701e+00
2.808211e+00  -4.468365e+00
2.810904e+00  -4.468365e+00
2.813581e+00  -4.473394e+00
2.816241e+00  -4.481049e+00
2.818885e+00  -4.483631e+00
2.821514e+00  -4.491470e+00
2.824126e+00  -4.498112e+00
2.826723e+00  -4.502147e+00
2.829304e+00  -4.502147e+00
2.831870e+00  -4.513093e+00
2.834421e+00  -4.515873e+00
2.836957e+00  -4.520077e+00
2.839478e+00  -4.531491e+00
2.841985e+00  -4.527176e+00
2.844477e+00  -4.528609e+00
2.846955e+00  -4.543213e+00
2.849419e+00  -4.543213e+00
2.851870e+00  -4.550703e+00
2.854306e+00  -4.553736e+00
2.856729e+00  -4.564520e+00
2.859138e+00  -4.569225e+00
2.861534e+00  -4.578790e+00
2.863917e+00  -4.575578e+00
2.866287e+00  -4.575578e+00
2.868644e+00  -4.582026e+00
2.870989e+00  -4.593546e+00
2.873321e+00  -4.591882e+00
2.875640e+00  -4.598578e+00
2.877947e+00  -4.603669e+00
2.880242e+00  -4.608821e+00
2.882525e+00  -4.610552e+00
2.884795e+00  -4.619311e+00
2.887054e+00  -4.626448e+00
2.889302e+00  -4.626448e+00
2.891537e+00  -4.633704e+00
2.893762e+00  -4.639226e+00
2.895975e+00  -4.641083e+00
2.898176e+00  -4.644820e+00
2.900367e+00  -4.650487e+00
2.902547e+00  -4.652392e+00
2.904716e+00  -4.654306e+00
2.906874e+00  -4.662047e+00
2.909021e+00  -4.673924e+00
2.911158e+00  -4.671922e+00
2.913284e+00  -4.679986e+00
2.915400e+00  -4.684075e+00
2.917506e+00  -4.682026e+00
2.919601e+00  -4.690282e+00
2.921686e+00  -4.688203e+00
2.923762e+00  -4.692371e+00
2.925828e+00  -4.694470e+00
2.927883e+00  -4.702968e+00
2.929930e+00  -4.709453e+00
2.931966e+00  -4.705119e+00
2.933993e+00  -4.716036e+00
2.936011e+00  -4.718253e+00
2.938019e+00  -4.736406e+00
2.940018e+00  -4.727235e+00
2.942008e+00  -4.743414e+00
2.943989e+00  -4.736406e+00
2.945961e+00  -4.743414e+00
2.947924e+00  -4.755352e+00
2.949878e+00  -4.752938e+00
2.951823e+00  -4.752938e+00
2.953760e+00  -4.760220e+00
2.955688e+00  -4.770124e+00
2.957607e+00  -4.767626e+00
2.959518e+00  -4.767626e+00
2.961421e+00  -4.775161e+00
2.963316e+00  -4.775161e+00
2.965202e+00  -4.793268e+00
2.967080e+00  -4.788018e+00
2.968950e+00  -4.793268e+00
2.970812e+00  -4.793268e+00
2.972666e+00  -4.801266e+00
2.974512e+00  -4.817717e+00
2.976350e+00  -4.812164e+00
2.978181e+00  -4.798584e+00
2.980003e+00  -4.814931e+00
2.981819e+00  -4.814931e+00
2.983626e+00  -4.826182e+00
2.985426e+00  -4.823342e+00
2.987219e+00  -4.826182e+00
2.989005e+00  -4.826182e+00
2.990783e+00  -4.834815e+00
2.992554e+00  -4.837731e+00
2.994317e+00  -4.846600e+00
2.996074e+00  -4.840668e+00
2.997823e+00  -4.849597e+00
2.999565e+00  -4.855653e+00
3.001301e+00  -4.849597e+00
3.003029e+00  -4.877542e+00
3.004751e+00  -4.868026e+00
3.006466e+00  -4.884004e+00
3.008174e+00  -4.871175e+00
3.009876e+00  -4.871175e+00
3.011570e+00  -4.868026e+00
3.013259e+00  -4.897224e+00
3.014940e+00  -4.893881e+00
3.016616e+00  -4.877542e+00
3.018284e+00  -4.903988e+00
3.019947e+00  -4.900592e+00
3.021603e+00  -4.884004e+00
3.023252e+00  -4.907409e+00
3.024896e+00  -4.893881e+00
3.026533e+00  -4.910859e+00
3.028164e+00  -4.910859e+00
3.029789e+00  -4.917840e+00
3.031408e+00  -4.914335e+00
3.033021e+00  -4.924935e+00
3.034628e+00  -4.946945e+00
3.036230e+00  -4.939484e+00
3.037825e+00  -4.932149e+00
3.039414e+00  -4.943198e+00
3.040998e+00  -4.928527e+00
3.042576e+00  -4.958383e+00
3.044148e+00  -4.954537e+00
3.045714e+00  -4.958383e+00
3.047275e+00  -4.962263e+00
3.048830e+00  -4.939484e+00
3.050380e+00  -4.958383e+00
3.051924e+00  -4.962263e+00
3.053463e+00  -4.962263e+00
3.054996e+00  -4.962263e+00
3.056524e+00  -4.966179e+00
3.058046e+00  -4.990444e+00
3.059563e+00  -4.982204e+00
3.061075e+00  -4.990444e+00
3.062582e+00  -4.970130e+00
3.064083e+00  -4.998843e+00
3.065580e+00  -5.020580e+00
3.067071e+00  -4.998843e+00
3.068557e+00  -5.020580e+00
3.070038e+00  -5.003104e+00
3.071514e+00  -5.025061e+00
3.072985e+00  -5.016145e+00
3.074451e+00  -5.007407e+00
3.075912e+00  -5.003104e+00
3.077368e+00  -4.998843e+00
3.078819e+00  -5.029589e+00
3.080266e+00  -5.029589e+00
3.081707e+00  -5.016145e+00
3.083144e+00  -5.011754e+00
3.084576e+00  -5.029589e+00
3.086004e+00  -5.038789e+00
3.087426e+00  -5.048188e+00
3.088845e+00  -5.043463e+00
3.090258e+00  -5.057794e+00
3.091667e+00  -5.057794e+00
3.093071e+00  -5.043463e+00
3.094471e+00  -5.067619e+00
3.095866e+00  -5.062679e+00
3.097257e+00  -5.062679e+00
3.098644e+00  -5.072615e+00
3.100026e+00  -5.072615e+00
3.101403e+00  -5.082785e+00
3.102777e+00  -5.087960e+00
3.104146e+00  -5.067619e+00
3.105510e+00  -5.126024e+00
3.106871e+00  -5.062679e+00
3.108227e+00  -5.082785e+00
3.109579e+00  -5.093198e+00
3.110926e+00  -5.103867e+00
3.112270e+00  -5.082785e+00
3.113609e+00  -5.082785e+00
3.114944e+00  -5.103867e+00
3.116276e+00  -5.120378e+00
3.117603e+00  -5.114804e+00
3.118926e+00  -5.109301e+00
3.120245e+00  -5.087960e+00
3.121560e+00  -5.126024e+00
3.122871e+00  -5.131745e+00
3.124178e+00  -5.114804e+00
3.125481e+00  -5.131745e+00
3.126781e+00  -5.114804e+00
3.128076e+00  -5.120378e+00
3.129368e+00  -5.120378e+00
3.130655e+00  -5.143418e+00
3.131939e+00  -5.137542e+00
3.133219e+00  -5.149374e+00
3.134496e+00  -5.143418e+00
3.135769e+00  -5.114804e+00
3.137037e+00  -5.143418e+00
3.138303e+00  -5.126024e+00
3.139564e+00  -5.143418e+00
3.140822e+00  -5.137542e+00
3.142076e+00  -5.137542e+00
3.143327e+00  -5.114804e+00
3.144574e+00  -5.161537e+00
3.145818e+00  -5.143418e+00
3.147058e+00  -5.161537e+00
3.148294e+00  -5.161537e+00
3.149527e+00  -5.180445e+00
3.150756e+00  -5.161537e+00
3.151982e+00  -5.174050e+00
3.153205e+00  -5.186935e+00
3.154424e+00  -5.155413e+00
3.155640e+00  -5.186935e+00
3.156852e+00  -5.174050e+00
3.158061e+00  -5.161537e+00
3.159266e+00  -5.186935e+00
3.160469e+00  -5.242675e+00
3.161667e+00  -5.200214e+00
3.162863e+00  -5.207008e+00
3.164055e+00  -5.228055e+00
3.165244e+00  -5.220925e+00
3.166430e+00  -5.193523e+00
3.167613e+00  -5.186935e+00
3.168792e+00  -5.250173e+00
3.169968e+00  -5.207008e+00
3.171141e+00  -5.220925e+00
3.172311e+00  -5.193523e+00
3.173478e+00  -5.213911e+00
3.174641e+00  -5.242675e+00
3.175802e+00  -5.207008e+00
3.176959e+00  -5.220925e+00
3.178113e+00  -5.207008e+00
3.179264e+00  -5.250173e+00
3.180413e+00  -5.213911e+00
3.181558e+00  -5.220925e+00
3.182700e+00  -5.242675e+00
3.183839e+00  -5.289741e+00
3.184975e+00  -5.265571e+00
3.186108e+00  -5.228055e+00
3.187239e+00  -5.235303e+00
3.188366e+00  -5.273479e+00
3.189490e+00  -5.193523e+00
3.190612e+00  -5.273479e+00
3.191730e+00  -5.250173e+00
3.192846e+00  -5.273479e+00
3.193959e+00  -5.265571e+00
3.195069e+00  -5.273479e+00
3.196176e+00  -5.265571e+00
3.197281e+00  -5.281534e+00
3.198382e+00  -5.250173e+00
3.199481e+00  -5.250173e+00
3.200577e+00  -5.289741e+00
3.201670e+00  -5.333279e+00
3.202761e+00  -5.273479e+00
3.203848e+00  -5.273479e+00
3.204934e+00  -5.257804e+00
3.206016e+00  -5.281534e+00
3.207096e+00  -5.281534e+00
3.208173e+00  -5.265571e+00
3.209247e+00  -5.298107e+00
3.210319e+00  -5.306637e+00
3.211388e+00  -5.306637e+00
3.212454e+00  -5.315337e+00
3.213518e+00  -5.306637e+00
3.214579e+00  -5.306637e+00
3.215638e+00  -5.333279e+00
3.216694e+00  -5.342536e+00
3.217747e+00  -5.324216e+00
3.218798e+00  -5.298107e+00
3.219846e+00  -5.298107e+00
3.220892e+00  -5.333279e+00
3.221936e+00  -5.333279e+00
3.222976e+00  -5.298107e+00
3.224015e+00  -5.315337e+00
3.225051e+00  -5.342536e+00
3.226084e+00  -5.342536e+00
3.227115e+00  -5.342536e+00
3.228144e+00  -5.324216e+00
3.229170e+00  -5.381673e+00
3.230193e+00  -5.315337e+00
3.231215e+00  -5.324216e+00
3.232234e+00  -5.351995e+00
3.233250e+00  -5.402649e+00
3.234264e+00  -5.361664e+00
3.235276e+00  -5.351995e+00
3.236285e+00  -5.371553e+00
3.237292e+00  -5.392034e+00
3.238297e+00  -5.381673e+00
3.239299e+00  -5.315337e+00
3.240300e+00  -5.371553e+00
3.241297e+00  -5.402649e+00
3.242293e+00  -5.413529e+00
3.243286e+00  -5.402649e+00
3.244277e+00  -5.371553e+00
3.245266e+00  -5.402649e+00
3.246252e+00  -5.381673e+00
3.247237e+00  -5.402649e+00
3.248219e+00  -5.392034e+00
3.249198e+00  -5.436144e+00
3.250176e+00  -5.333279e+00
3.251151e+00  -5.402649e+00
3.252125e+00  -5.371553e+00
3.253096e+00  -5.413529e+00
3.254064e+00  -5.402649e+00
3.255031e+00  -5.413529e+00
3.255996e+00  -5.381673e+00
3.256958e+00  -5.361664e+00
3.257918e+00  -5.460001e+00
3.258877e+00  -5.413529e+00
3.259833e+00  -5.371553e+00
3.260787e+00  -5.371553e+00
3.261739e+00  -5.447908e+00
3.262688e+00  -5.413529e+00
3.263636e+00  -5.381673e+00
3.264582e+00  -5.381673e+00
3.265525e+00  -5.424689e+00
3.266467e+00  -5.413529e+00
3.267406e+00  -5.472439e+00
3.268344e+00  -5.424689e+00
3.269279e+00  -5.472439e+00
3.270213e+00  -5.447908e+00
3.271144e+00  -5.392034e+00
3.272074e+00  -5.436144e+00
3.273001e+00  -5.351995e+00
3.273927e+00  -5.402649e+00
3.274850e+00  -5.424689e+00
3.275772e+00  -5.436144e+00
3.276692e+00  -5.447908e+00
3.277609e+00  -5.485245e+00
3.278525e+00  -5.498439e+00
3.279439e+00  -5.472439e+00
3.280351e+00  -5.512047e+00
3.281261e+00  -5.436144e+00
3.282169e+00  -5.485245e+00
3.283075e+00  -5.555633e+00
3.283979e+00  -5.413529e+00
3.284882e+00  -5.460001e+00
3.285782e+00  -5.371553e+00
3.286681e+00  -5.424689e+00
3.287578e+00  -5.485245e+00
3.288473e+00  -5.485245e+00
3.289366e+00  -5.485245e+00
3.290257e+00  -5.436144e+00
3.291147e+00  -5.571192e+00
3.292034e+00  -5.540613e+00
3.292920e+00  -5.485245e+00
3.293804e+00  -5.413529e+00
3.294687e+00  -5.436144e+00
3.295567e+00  -5.512047e+00
3.296446e+00  -5.436144e+00
3.297323e+00  -5.540613e+00
3.298198e+00  -5.485245e+00
3.299071e+00  -5.424689e+00
3.299943e+00  -5.472439e+00
3.300813e+00  -5.413529e+00
3.301681e+00  -5.485245e+00
3.302547e+00  -5.540613e+00
3.303412e+00  -5.604087e+00
3.304275e+00  -5.555633e+00
3.305136e+00  -5.498439e+00
3.305996e+00  -5.498439e+00
3.306854e+00  -5.424689e+00
3.307710e+00  -5.498439e+00
3.308564e+00  -5.555633e+00
3.309417e+00  -5.658633e+00
3.310268e+00  -5.540613e+00
3.311118e+00  -5.555633e+00
3.311966e+00  -5.678452e+00
3.312812e+00  -5.485245e+00
3.313656e+00  -5.571192e+00
3.314499e+00  -5.472439e+00
3.315340e+00  -5.555633e+00
3.316180e+00  -5.639679e+00
3.317018e+00  -5.555633e+00
3.317854e+00  -5.424689e+00
3.318689e+00  -5.526096e+00
3.319522e+00  -5.555633e+00
3.320354e+00  -5.555633e+00
3.321184e+00  -5.555633e+00
3.322012e+00  -5.555633e+00
3.322839e+00  -5.540613e+00
3.323665e+00  -5.587328e+00
3.324488e+00  -5.447908e+00
3.325310e+00  -5.526096e+00
3.326131e+00  -5.621519e+00
3.326950e+00  -5.512047e+00
3.327767e+00  -5.658633e+00
3.328583e+00  -5.540613e+00
3.329398e+00  -5.512047e+00
3.330211e+00  -5.658633e+00
3.331022e+00  -5.721028e+00
3.331832e+00  -5.512047e+00
3.332640e+00  -5.604087e+00
3.333447e+00  -5.604087e+00
3.334253e+00  -5.540613e+00
3.335057e+00  -5.621519e+00
3.335859e+00  -5.485245e+00
3.336660e+00  -5.768236e+00
3.337459e+00  -5.604087e+00
3.338257e+00  -5.604087e+00
3.339054e+00  -5.678452e+00
3.339849e+00  -5.587328e+00
3.340642e+00  -5.658633e+00
3.341435e+00  -5.571192e+00
3.342225e+00  -5.768236e+00
3.343014e+00  -5.540613e+00
3.343802e+00  -5.621519e+00
3.344589e+00  -5.604087e+00
3.345374e+00  -5.587328e+00
3.346157e+00  -5.512047e+00
3.346939e+00  -5.621519e+00
3.347720e+00  -5.604087e+00
3.348500e+00  -5.658633e+00
3.349278e+00  -5.621519e+00
3.350054e+00  -5.604087e+00
3.350829e+00  -5.721028e+00
3.351603e+00  -5.587328e+00
3.352375e+00  -5.658633e+00
3.353147e+00  -5.604087e+00
3.353916e+00  -5.587328e+00
3.354685e+00  -5.571192e+00
3.355452e+00  -5.571192e+00
3.356217e+00  -5.604087e+00
3.356981e+00  -5.587328e+00
3.357744e+00  -5.587328e+00
3.358506e+00  -5.555633e+00
3.359266e+00  -5.678452e+00
3.360025e+00  -5.678452e+00
3.360783e+00  -5.721028e+00
3.361539e+00  -5.621519e+00
3.362294e+00  -5.678452e+00
3.363048e+00  -5.678452e+00
3.363800e+00  -5.951653e+00
3.364551e+00  -5.821208e+00
3.365301e+00  -5.699218e+00
3.366049e+00  -5.658633e+00
3.366796e+00  -5.850333e+00
3.367542e+00  -5.639679e+00
3.368287e+00  -5.678452e+00
3.369030e+00  -5.604087e+00
3.369772e+00  -5.721028e+00
3.370513e+00  -5.658633e+00
3.371253e+00  -5.721028e+00
3.371991e+00  -5.743990e+00
3.372728e+00  -5.555633e+00
3.373464e+00  -5.604087e+00
3.374198e+00  -5.768236e+00
3.374932e+00  -5.639679e+00
3.375664e+00  -5.821208e+00
3.376394e+00  -5.699218e+00
3.377124e+00  -5.678452e+00
3.377852e+00  -5.639679e+00
3.378580e+00  -5.768236e+00
3.379306e+00  -5.621519e+00
3.380030e+00  -5.678452e+00
3.380754e+00  -5.639679e+00
3.381476e+00  -5.604087e+00
3.382197e+00  -5.743990e+00
3.382917e+00  -5.915189e+00
3.383636e+00  -5.721028e+00
3.384353e+00  -5.658633e+00
3.385070e+00  -5.721028e+00
3.385785e+00  -5.821208e+00
3.386499e+00  -5.571192e+00
3.387212e+00  -5.678452e+00
3.387923e+00  -5.881551e+00
3.388634e+00  -5.658633e+00
3.389343e+00  -5.721028e+00
3.390051e+00  -5.721028e+00
3.390759e+00  -5.658633e+00
3.391464e+00  -5.768236e+00
3.392169e+00  -5.821208e+00
3.392873e+00  -5.721028e+00
3.393575e+00  -5.768236e+00
3.394277e+00  -5.821208e+00
3.394977e+00  -5.621519e+00
3.395676e+00  -5.678452e+00
3.396374e+00  -5.658633e+00
3.397071e+00  -5.721028e+00
3.397766e+00  -5.743990e+00
3.398461e+00  -5.768236e+00
3.399154e+00  -5.658633e+00
3.399847e+00  -5.639679e+00
3.400538e+00  -5.555633e+00
3.401228e+00  -5.915189e+00
3.401917e+00  -5.571192e+00
3.402605e+00  -5.821208e+00
3.403292e+00  -5.793915e+00
3.403978e+00  -5.678452e+00
3.404663e+00  -5.587328e+00
3.405346e+00  -5.991462e+00
3.406029e+00  -5.991462e+00
3.406710e+00  -5.768236e+00
3.407391e+00  -5.743990e+00
3.408070e+00  -5.915189e+00
3.408749e+00  -5.743990e+00
3.409426e+00  -5.850333e+00
3.410102e+00  -5.881551e+00
3.410777e+00  -5.881551e+00
3.411451e+00  -5.821208e+00
3.412124e+00  -5.721028e+00
3.412796e+00  -5.604087e+00
3.413467e+00  -5.850333e+00
3.414137e+00  -5.743990e+00
3.414806e+00  -5.721028e+00
3.415474e+00  -5.793915e+00
3.416141e+00  -5.793915e+00
3.416807e+00  -5.850333e+00
3.417472e+00  -5.793915e+00
3.418135e+00  -5.881551e+00
3.418798e+00  -5.699218e+00
3.419460e+00  -5.991462e+00
3.420121e+00  -5.821208e+00
3.420781e+00  -5.850333e+00
3.421439e+00  -5.768236e+00
3.422097e+00  -5.699218e+00
3.422754e+00  -6.035290e+00
3.423410e+00  -5.850333e+00
3.424065e+00  -5.881551e+00
3.424718e+00  -5.604087e+00
3.425371e+00  -6.201865e+00
3.426023e+00  -5.768236e+00
3.426674e+00  -5.821208e+00
3.427324e+00  -5.721028e+00
3.427973e+00  -5.821208e+00
3.428621e+00  -5.793915e+00
3.429268e+00  -5.721028e+00
3.429914e+00  -5.991462e+00
3.430559e+00  -5.821208e+00
3.431203e+00  -5.951653e+00
3.431846e+00  -5.699218e+00
3.432488e+00  -6.084044e+00
3.433130e+00  -5.850333e+00
3.433770e+00  -5.768236e+00
3.434409e+00  -5.850333e+00
3.435048e+00  -5.793915e+00
3.435685e+00  -5.850333e+00
3.436322e+00  -5.881551e+00
3.436957e+00  -5.850333e+00
3.437592e+00  -5.881551e+00
3.438226e+00  -5.821208e+00
3.438859e+00  -6.035290e+00
3.439491e+00  -5.768236e+00
3.440122e+00  -6.084044e+00
3.440752e+00  -5.850333e+00
3.441381e+00  -5.768236e+00
3.442009e+00  -5.991462e+00
3.442637e+00  -5.793915e+00
3.443263e+00  -5.821208e+00
3.443889e+00  -6.201865e+00
3.444513e+00  -6.475535e+00
3.445137e+00  -5.743990e+00
3.445760e+00  -5.793915e+00
3.446382e+00  -5.721028e+00
3.447003e+00  -5.821208e+00
3.447623e+00  -5.881551e+00
3.448242e+00  -5.915189e+00
3.448861e+00  -5.821208e+00
3.449478e+00  -5.991462e+00
3.450095e+00  -5.821208e+00
3.450711e+00  -6.275435e+00
3.451326e+00  -5.768236e+00
3.451940e+00  -5.721028e+00
3.452553e+00  -5.793915e+00
3.453165e+00  -5.639679e+00
3.453777e+00  -5.951653e+00
3.454387e+00  -6.035290e+00
3.454997e+00  -6.275435e+00
3.455606e+00  -5.991462e+00
3.456214e+00  -5.821208e+00
3.456821e+00  -5.793915e+00
3.457428e+00  -5.604087e+00
3.458033e+00  -5.881551e+00
3.458638e+00  -5.991462e+00
3.459242e+00  -5.991462e+00
3.459845e+00  -5.991462e+00
3.460447e+00  -5.951653e+00
3.461048e+00  -5.793915e+00
3.461649e+00  -5.743990e+00
3.462248e+00  -5.915189e+00
3.462847e+00  -5.991462e+00
3.463445e+00  -5.881551e+00
3.464042e+00  -5.915189e+00
3.464639e+00  -5.951653e+00
3.465234e+00  -5.721028e+00
3.465829e+00  -5.881551e+00
3.466423e+00  -5.915189e+00
3.467016e+00  -6.035290e+00
3.467608e+00  -5.881551e+00
3.468200e+00  -5.881551e+00
3.468790e+00  -5.881551e+00
3.469380e+00  -6.201865e+00
3.469969e+00  -5.881551e+00
3.470557e+00  -5.951653e+00
3.471145e+00  -6.035290e+00
3.471732e+00  -5.821208e+00
3.472318e+00  -5.881551e+00
3.472903e+00  -5.850333e+00
3.473487e+00  -6.625889e+00
3.474071e+00  -5.951653e+00
3.474653e+00  -6.035290e+00
3.475235e+00  -5.881551e+00
3.475816e+00  -5.881551e+00
3.476397e+00  -5.991462e+00
3.476976e+00  -6.364061e+00
3.477555e+00  -6.138971e+00
3.478133e+00  -5.793915e+00
3.478711e+00  -6.275435e+00
3.479287e+00  -6.138971e+00
3.479863e+00  -6.138971e+00
3.480438e+00  -6.275435e+00
3.481012e+00  -6.035290e+00
3.481586e+00  -5.991462e+00
3.482159e+00  -5.793915e+00
3.482731e+00  -6.035290e+00
3.483302e+00  -6.138971e+00
3.483872e+00  -5.915189e+00
3.484442e+00  -5.991462e+00
3.485011e+00  -5.881551e+00
3.485579e+00  -6.201865e+00
3.486147e+00  -5.951653e+00
3.486714e+00  -6.201865e+00
3.487280e+00  -6.364061e+00
3.487845e+00  -5.915189e+00
3.488410e+00  -5.850333e+00
3.488974e+00  -5.915189e+00
3.489537e+00  -5.951653e+00
3.490099e+00  -6.035290e+00
3.490661e+00  -6.084044e+00
3.491222e+00  -6.084044e+00
3.491782e+00  -6.138971e+00
3.492341e+00  -5.881551e+00
3.492900e+00  -5.915189e+00
3.493458e+00  -6.035290e+00
3.494015e+00  -5.915189e+00
3.494572e+00  -6.201865e+00
3.495128e+00  -6.035290e+00
3.495683e+00  -6.625889e+00
3.496238e+00  -5.821208e+00
3.496791e+00  -6.138971e+00
3.497344e+00  -5.821208e+00
3.497897e+00  -5.991462e+00
3.498448e+00  -5.951653e+00
3.498999e+00  -5.850333e+00
3.499550e+00  -5.793915e+00
3.500099e+00  -6.201865e+00
3.500648e+00  -5.881551e+00
3.501196e+00  -5.951653e+00
3.501744e+00  -5.951653e+00
3.502291e+00  -6.035290e+00
3.502837e+00  -6.625889e+00
3.503382e+00  -6.035290e+00
3.503927e+00  -6.138971e+00
3.504471e+00  -5.991462e+00
3.505014e+00  -5.793915e+00
3.505557e+00  -5.915189e+00
3.506099e+00  -6.364061e+00
3.506640e+00  -6.138971e+00
3.507181e+00  -6.475535e+00
3.507721e+00  -5.951653e+00
3.508260e+00  -6.084044e+00
3.508799e+00  -5.915189e+00
3.509337e+00  -5.881551e+00
3.509874e+00  -6.475535e+00
3.510411e+00  -6.084044e+00
3.510947e+00  -5.881551e+00
3.511482e+00  -6.201865e+00
3.512017e+00  -5.881551e+00
3.512551e+00  -6.035290e+00
3.513084e+00  -5.951653e+00
3.513617e+00  -6.084044e+00
3.514149e+00  -6.138971e+00
3.514681e+00  -5.850333e+00
3.515211e+00  -6.201865e+00
3.515741e+00  -6.201865e+00
3.516271e+00  -6.275435e+00
3.516800e+00  -6.201865e+00
3.517328e+00  -5.991462e+00
3.517855e+00  -5.881551e+00
3.518382e+00  -6.138971e+00
3.518909e+00  -6.084044e+00
3.519434e+00  -5.793915e+00
3.519959e+00  -6.035290e+00
3.520484e+00  -6.035290e+00
3.521007e+00  -6.035290e+00
3.521530e+00  -5.821208e+00
3.522053e+00  -5.991462e+00
3.522575e+00  -5.991462e+00
3.523096e+00  -6.275435e+00
3.523616e+00  -6.275435e+00
3.524136e+00  -6.625889e+00
3.524656e+00  -6.275435e+00
3.525174e+00  -6.275435e+00
3.525693e+00  -6.275435e+00
3.526210e+00  -6.138971e+00
3.526727e+00  -6.275435e+00
3.527243e+00  -6.364061e+00
3.527759e+00  -6.084044e+00
3.528274e+00  -6.275435e+00
3.528788e+00  -5.991462e+00
3.529302e+00  -5.991462e+00
3.529815e+00  -6.035290e+00
3.530328e+00  -6.625889e+00
3.530840e+00  -5.881551e+00
3.531351e+00  -5.915189e+00
3.531862e+00  -6.364061e+00
3.532372e+00  -5.915189e+00
3.532882e+00  -6.201865e+00
3.533391e+00  -6.475535e+00
3.533899e+00  -5.881551e+00
3.534407e+00  -6.201865e+00
3.534914e+00  -7.388788e+00
3.535421e+00  -5.881551e+00
3.535927e+00  -6.275435e+00
3.536432e+00  -6.364061e+00
3.536937e+00  -5.991462e+00
3.537441e+00  -6.475535e+00
3.537945e+00  -6.084044e+00
3.538448e+00  -6.275435e+00
3.538951e+00  -6.275435e+00
3.539452e+00  -6.035290e+00
3.539954e+00  -6.084044e+00
3.540455e+00  -6.084044e+00
3.540955e+00  -6.138971e+00
3.541454e+00  -6.138971e+00
3.541953e+00  -6.201865e+00
3.542452e+00  -6.809812e+00
3.542950e+00  -6.364061e+00
3.543447e+00  -6.035290e+00
3.543944e+00  -6.275435e+00
3.544440e+00  -6.138971e+00
3.544936e+00  -6.201865e+00
3.545431e+00  -6.035290e+00
3.545925e+00  -6.201865e+00
3.546419e+00  -6.201865e+00
3.546913e+00  -5.991462e+00
3.547405e+00  -6.364061e+00
3.547898e+00  -5.991462e+00
3.548389e+00  -6.364061e+00
3.548881e+00  -6.035290e+00
3.549371e+00  -5.991462e+00
3.549861e+00  -6.809812e+00
3.550351e+00  -5.915189e+00
3.550840e+00  -5.915189e+00
3.551328e+00  -6.857760e+00
3.551816e+00  -6.475535e+00
3.552303e+00  -5.881551e+00
3.552790e+00  -6.364061e+00
3.553276e+00  -5.991462e+00
3.553762e+00  -6.035290e+00
3.554247e+00  -6.138971e+00
3.554731e+00  -7.243756e+00
3.555215e+00  -6.035290e+00
3.555699e+00  -6.138971e+00
3.556182e+00  -6.857760e+00
3.556664e+00  -6.138971e+00
3.557146e+00  -6.275435e+00
3.557627e+00  -5.915189e+00
3.558108e+00  -6.475535e+00
3.558589e+00  -6.035290e+00
3.559068e+00  -6.364061e+00
3.559548e+00  -5.915189e+00
3.560026e+00  -6.084044e+00
3.560504e+00  -5.793915e+00
3.560982e+00  -6.475535e+00
3.561459e+00  -6.475535e+00
3.561936e+00  -6.275435e+00
3.562412e+00  -6.138971e+00
3.562887e+00  -6.625889e+00
3.563362e+00  -6.625889e+00
3.563837e+00  -6.084044e+00
3.564311e+00  -6.857760e+00
3.564784e+00  -6.857760e+00
3.565257e+00  -6.201865e+00
3.565730e+00  -6.275435e+00
3.566202e+00  -6.275435e+00
3.566673e+00  -7.388788e+00
3.567144e+00  -6.035290e+00
3.567614e+00  -6.201865e+00
3.568084e+00  -7.388788e+00
3.568554e+00  -6.275435e+00
3.569023e+00  -6.809812e+00
3.569491e+00  -6.857760e+00
3.569959e+00  -6.364061e+00
3.570426e+00  -7.388788e+00
3.570893e+00  -6.475535e+00
3.571359e+00  -5.881551e+00
3.571825e+00  -6.475535e+00
3.572291e+00  -5.821208e+00
3.572755e+00  -6.364061e+00
3.573220e+00  -6.475535e+00
3.573684e+00  -5.915189e+00
3.574147e+00  -6.857760e+00
3.574610e+00  -6.275435e+00
3.575072e+00  -6.364061e+00
3.575534e+00  -6.475535e+00
3.575996e+00  -6.275435e+00
3.576457e+00  -5.915189e+00
3.576917e+00  -6.035290e+00
3.577377e+00  -6.625889e+00
3.577836e+00  -6.857760e+00
3.578295e+00  -5.850333e+00
3.578754e+00  -6.364061e+00
3.579212e+00  -7.243756e+00
3.579669e+00  -6.275435e+00
3.580126e+00  -6.364061e+00
3.580583e+00  -6.275435e+00
3.581039e+00  -6.625889e+00
3.581495e+00  -6.084044e+00
3.581950e+00  -7.243756e+00
3.582404e+00  -7.243756e+00
3.582858e+00  -6.084044e+00
3.583312e+00  -6.035290e+00
3.583765e+00  -6.857760e+00
3.584218e+00  -6.201865e+00
3.584670e+00  -6.275435e+00
3.585122e+00  -6.857760e+00
3.585574e+00  -6.138971e+00
3.586024e+00  -6.138971e+00
3.586475e+00  -6.138971e+00
3.586925e+00  -6.597139e+00
3.587374e+00  -6.475535e+00
3.587823e+00  -6.475535e+00
3.588272e+00  -6.475535e+00
3.588720e+00  -5.768236e+00
3.589167e+00  -6.138971e+00
3.589615e+00  -6.190811e+00
3.590061e+00  -6.084044e+00
3.590507e+00  -6.035290e+00
3.590953e+00  -6.201865e+00
3.591399e+00  -6.475535e+00
3.591843e+00  -6.275435e+00
3.592288e+00  -6.084044e+00
3.592732e+00  -6.190811e+00
3.593175e+00  -6.857760e+00
3.593618e+00  -5.951653e+00
3.594061e+00  -6.084044e+00
3.594503e+00  -6.275435e+00
3.594945e+00  -6.364061e+00
3.595386e+00  -5.991462e+00
3.595827e+00  -6.364061e+00
3.596267e+00  -6.857760e+00
3.596707e+00  -6.364061e+00
3.597146e+00  -6.138971e+00
3.597586e+00  -6.857760e+00
3.598024e+00  -6.455003e+00
3.598462e+00  -6.084044e+00
3.598900e+00  -6.857760e+00
3.599337e+00  -7.388788e+00
3.599774e+00  -5.915189e+00
3.600210e+00  -6.364061e+00
3.600646e+00  -6.138971e+00
3.601082e+00  -6.138971e+00
3.601517e+00  -6.857760e+00
3.601951e+00  -6.364061e+00
3.602386e+00  -6.475535e+00
3.602819e+00  -5.991462e+00
3.603253e+00  -6.275435e+00
3.603686e+00  -7.388788e+00
3.604118e+00  -6.348093e+00
3.604550e+00  -6.364061e+00
3.604982e+00  -6.138971e+00
3.605413e+00  -6.084044e+00
3.605844e+00  -6.201865e+00
3.606274e+00  -6.625889e+00
3.606704e+00  -6.809812e+00
3.607133e+00  -6.475535e+00
3.607562e+00  -7.243756e+00
3.607991e+00  -6.364061e+00
3.608419e+00  -6.084044e+00
3.608847e+00  -6.138971e+00
3.609274e+00  -5.951653e+00
3.609701e+00  -7.388788e+00
3.610128e+00  -6.364061e+00
3.610554e+00  -6.138971e+00
3.610979e+00  -6.455003e+00
3.611405e+00  -6.035290e+00
3.611829e+00  -6.857760e+00
3.612254e+00  -6.809812e+00
3.612678e+00  -7.388788e+00
3.613102e+00  -6.201865e+00
3.613525e+00  -6.275435e+00
3.613947e+00  -6.364061e+00
3.614370e+00  -6.809812e+00
3.614792e+00  -6.455003e+00
3.615213e+00  -6.084044e+00
3.615634e+00  -5.991462e+00
3.616055e+00  -5.915189e+00
3.616476e+00  -6.625889e+00
3.616895e+00  -6.275435e+00
3.617315e+00  -6.809812e+00
3.617734e+00  -6.129391e+00
3.618153e+00  -7.243756e+00
3.618571e+00  -7.243756e+00
3.618989e+00  -7.243756e+00
3.619406e+00  -5.991462e+00
3.619824e+00  -6.138971e+00
3.620240e+00  -6.857760e+00
3.620656e+00  -6.364061e+00
3.621072e+00  -6.084044e+00
3.621488e+00  -6.455003e+00
3.621903e+00  -6.625889e+00
3.622318e+00  -6.262370e+00
3.622732e+00  -7.388788e+00
3.623146e+00  -6.201865e+00
3.623559e+00  -6.138971e+00
3.623973e+00  -6.625889e+00
3.624385e+00  -6.625889e+00
3.624798e+00  -6.364061e+00
3.625210e+00  -6.625889e+00
3.625621e+00  -6.201865e+00
3.626032e+00  -6.084044e+00
3.626443e+00  -7.243756e+00
3.626853e+00  -6.138971e+00
3.627263e+00  -6.475535e+00
3.627673e+00  -6.809812e+00
3.628082e+00  -6.084044e+00
3.628491e+00  -6.364061e+00
3.628900e+00  -6.035290e+00
3.629308e+00  -6.809812e+00
3.629715e+00  -7.243756e+00
3.630123e+00  -6.035290e+00
3.630530e+00  -7.388788e+00
3.630936e+00  -6.084044e+00
3.631342e+00  -6.364061e+00
3.631748e+00  -6.084044e+00
3.632153e+00  -5.850333e+00
3.632559e+00  -5.915189e+00
3.632963e+00  -5.915189e+00
3.633367e+00  -6.475535e+00
3.633771e+00  -6.364061e+00
3.634175e+00  -6.857760e+00
3.634578e+00  -6.455003e+00
3.634981e+00  -6.035290e+00
3.635383e+00  -6.084044e+00
3.635785e+00  -6.625889e+00
3.636187e+00  -6.597139e+00
3.636588e+00  -6.857760e+00
3.636989e+00  -5.951653e+00
3.637390e+00  -6.857760e+00
3.637790e+00  -6.084044e+00
3.638190e+00  -6.597139e+00
3.638589e+00  -7.243756e+00
3.638988e+00  -6.275435e+00
3.639387e+00  -6.275435e+00
3.639785e+00  -6.275435e+00
3.640183e+00  -6.348093e+00
3.640581e+00  -5.793915e+00
3.640978e+00  -6.348093e+00
3.641375e+00  -6.809812e+00
3.641771e+00  -7.388788e+00
3.642168e+00  -5.951653e+00
3.642563e+00  -7.243756e+00
3.642959e+00  -6.455003e+00
3.643354e+00  -6.625889e+00
3.643749e+00  -6.475535e+00
3.644143e+00  -6.475535e+00
3.644537e+00  -6.364061e+00
3.644931e+00  -6.201865e+00
3.645324e+00  -7.388788e+00
3.645717e+00  -7.388788e+00
3.646110e+00  -7.243756e+00
3.646502e+00  -6.084044e+00
3.646894e+00  -7.243756e+00
3.647285e+00  -5.876229e+00
3.647676e+00  -6.190811e+00
3.648067e+00  -6.027727e+00
3.648458e+00  -6.455003e+00
3.648848e+00  -6.201865e+00
3.649237e+00  -6.597139e+00
3.649627e+00  -5.945405e+00
3.650016e+00  -6.201865e+00
3.650405e+00  -6.857760e+00
3.650793e+00  -5.951653e+00
3.651181e+00  -6.475535e+00
3.651569e+00  -6.275435e+00
3.651956e+00  -6.262370e+00
3.652343e+00  -6.364061e+00
3.652730e+00  -5.821208e+00
3.653116e+00  -7.243756e+00
3.653502e+00  -6.027727e+00
3.653888e+00  -6.275435e+00
3.654273e+00  -6.857760e+00
3.654658e+00  -6.625889e+00
3.655042e+00  -7.243756e+00
3.655427e+00  -6.625889e+00
3.655810e+00  -6.364061e+00
3.656194e+00  -6.262370e+00
3.656577e+00  -6.809812e+00
3.656960e+00  -6.084044e+00
3.657343e+00  -7.243756e+00
3.657725e+00  -6.475535e+00
3.658107e+00  -6.201865e+00
3.658488e+00  -6.597139e+00
3.658870e+00  -6.455003e+00
3.659250e+00  -6.138971e+00
3.659631e+00  -6.348093e+00
3.660011e+00  -6.364061e+00
3.660391e+00  -6.138971e+00
3.660771e+00  -7.388788e+00
3.661150e+00  -7.243756e+00
3.661529e+00  -6.455003e+00
3.661907e+00  -6.138971e+00
3.662286e+00  -6.027727e+00
3.662663e+00  -7.388788e+00
3.663041e+00  -6.857760e+00
3.663418e+00  -5.951653e+00
3.663795e+00  -6.275435e+00
3.664172e+00  -5.945405e+00
3.664548e+00  -6.857760e+00
3.664924e+00  -7.388788e+00
3.665299e+00  -6.475535e+00
3.665675e+00  -6.364061e+00
3.666050e+00  -6.364061e+00
3.666424e+00  -5.951653e+00
3.666799e+00  -6.455003e+00
3.667173e+00  -6.364061e+00
3.667546e+00  -7.243756e+00
3.667920e+00  -5.915189e+00
3.668293e+00  -5.915189e+00
3.668665e+00  -6.201865e+00
3.669038e+00  -7.243756e+00
3.669410e+00  -7.243756e+00
3.669782e+00  -6.364061e+00
3.670153e+00  -6.857760e+00
3.670524e+00  -6.455003e+00
3.670895e+00  -6.809812e+00
3.671265e+00  -7.388788e+00
3.671636e+00  -6.625889e+00
3.672005e+00  -6.190811e+00
3.672375e+00  -7.243756e+00
3.672744e+00  -6.348093e+00
3.673113e+00  -6.597139e+00
3.673482e+00  -6.597139e+00
3.673850e+00  -7.243756e+00
3.674218e+00  -6.455003e+00
3.674586e+00  -7.243756e+00
3.674953e+00  -6.035290e+00
3.675320e+00  -6.809812e+00
3.675687e+00  -6.075591e+00
3.676053e+00  -6.597139e+00
3.676419e+00  -5.991462e+00
3.676785e+00  -6.275435e+00
3.677151e+00  -6.475535e+00
3.677516e+00  -6.809812e+00
3.677881e+00  -6.475535e+00
3.678245e+00  -6.857760e+00
3.678609e+00  -6.475535e+00
3.678973e+00  -7.243756e+00
3.679337e+00  -5.881551e+00
3.679700e+00  -6.275435e+00
3.680063e+00  -7.388788e+00
3.680426e+00  -7.243756e+00
3.680789e+00  -7.243756e+00
3.681151e+00  -6.190811e+00
3.681513e+00  -6.027727e+00
3.681874e+00  -5.984619e+00
3.682235e+00  -6.035290e+00
3.682596e+00  -7.388788e+00
3.682957e+00  -6.597139e+00
3.683317e+00  -6.455003e+00
3.683677e+00  -6.364061e+00
3.684037e+00  -6.475535e+00
3.684396e+00  -6.364061e+00
3.684756e+00  -6.625889e+00
3.685114e+00  -6.809812e+00
3.685473e+00  -6.809812e+00
3.685831e+00  -6.348093e+00
3.686189e+00  -6.138971e+00
3.686547e+00  -6.455003e+00
3.686904e+00  -7.388788e+00
3.687261e+00  -7.243756e+00
3.687618e+00  -5.991462e+00
3.687975e+00  -6.475535e+00
3.688331e+00  -6.035290e+00
3.688687e+00  -7.243756e+00
3.689042e+00  -6.625889e+00
3.689398e+00  -7.388788e+00
3.689753e+00  -6.275435e+00
3.690107e+00  -6.262370e+00
3.690462e+00  -6.625889e+00
3.690816e+00  -6.035290e+00
3.691170e+00  -6.809812e+00
3.691524e+00  -6.084044e+00
3.691877e+00  -6.275435e+00
3.692230e+00  -6.455003e+00
3.692583e+00  -6.190811e+00
3.692935e+00  -6.275435e+00
3.693287e+00  -6.364061e+00
3.693639e+00  -6.364061e+00
3.693991e+00  -5.915189e+00
3.694342e+00  -6.201865e+00
3.694693e+00  -6.625889e+00
3.695044e+00  -6.625889e+00
3.695394e+00  -5.881551e+00
3.695744e+00  -6.597139e+00
3.696094e+00  -6.857760e+00
3.696444e+00  -5.915189e+00
3.696793e+00  -6.597139e+00
3.697142e+00  -7.388788e+00
3.697491e+00  -6.625889e+00
3.697839e+00  -6.475535e+00
3.698188e+00  -6.348093e+00
3.698535e+00  -5.945405e+00
3.698883e+00  -6.084044e+00
3.699231e+00  -6.475535e+00
3.699578e+00  -6.857760e+00
3.699924e+00  -6.809812e+00
3.700271e+00  -6.201865e+00
3.700617e+00  -6.190811e+00
3.700963e+00  -6.455003e+00
3.701309e+00  -6.625889e+00
3.701654e+00  -6.129391e+00
3.701999e+00  -6.201865e+00
3.702344e+00  -6.475535e+00
3.702689e+00  -6.348093e+00
3.703033e+00  -6.597139e+00
3.703377e+00  -5.915189e+00
3.703721e+00  -6.475535e+00
3.704065e+00  -7.388788e+00
3.704408e+00  -6.129391e+00
3.704751e+00  -6.364061e+00
3.705094e+00  -6.275435e+00
3.705436e+00  -6.475535e+00
3.705778e+00  -6.138971e+00
3.706120e+00  -7.388788e+00
3.706462e+00  -6.138971e+00
3.706803e+00  -6.455003e+00
3.707144e+00  -6.075591e+00
3.707485e+00  -6.275435e+00
3.707826e+00  -6.625889e+00
3.708166e+00  -7.243756e+00
3.708506e+00  -6.597139e+00
3.708846e+00  -5.951653e+00
3.709185e+00  -6.475535e+00
3.709524e+00  -6.190811e+00
3.709863e+00  -7.388788e+00
3.710202e+00  -6.262370e+00
3.710540e+00  -6.625889e+00
3.710879e+00  -7.243756e+00
3.711217e+00  -6.857760e+00
3.711554e+00  -5.915189e+00
3.711892e+00  -7.388788e+00
3.712229e+00  -6.475535e+00
3.712566e+00  -6.348093e+00
3.712902e+00  -6.138971e+00
3.713238e+00  -6.129391e+00
3.713575e+00  -6.597139e+00
3.713910e+00  -6.455003e+00
3.714246e+00  -6.597139e+00
3.714581e+00  -7.243756e+00
3.714916e+00  -6.348093e+00
3.715251e+00  -6.809812e+00
3.715586e+00  -6.597139e+00
3.715920e+00  -7.388788e+00
3.716254e+00  -6.348093e+00
3.716588e+00  -6.348093e+00
3.716921e+00  -5.984619e+00
3.717254e+00  -7.388788e+00
3.717587e+00  -6.597139e+00
3.717920e+00  -6.455003e+00
3.718253e+00  -6.809812e+00
3.718585e+00  -6.084044e+00
3.718917e+00  -6.364061e+00
3.719248e+00  -7.243756e+00
3.719580e+00  -6.597139e+00
3.719911e+00  -6.857760e+00
3.720242e+00  -5.991462e+00
3.720573e+00  -6.625889e+00
3.720903e+00  -6.075591e+00
3.721233e+00  -6.201865e+00
3.721563e+00  -6.364061e+00
3.721893e+00  -7.243756e+00
3.722222e+00  -6.075591e+00
3.722552e+00  -7.388788e+00
3.722881e+00  -7.388788e+00
3.723209e+00  -6.201865e+00
3.723538e+00  -7.388788e+00
3.723866e+00  -6.809812e+00
3.724194e+00  -6.625889e+00
3.724522e+00  -6.190811e+00
3.724849e+00  -6.201865e+00
3.725176e+00  -7.388788e+00
3.725503e+00  -7.243756e+00
3.725830e+00  -6.201865e+00
3.726156e+00  -6.348093e+00
3.726483e+00  -6.475535e+00
3.726809e+00  -6.075591e+00
3.727134e+00  -6.201865e+00
3.727460e+00  -6.809812e+00
3.727785e+00  -6.364061e+00
3.728110e+00  -7.243756e+00
3.728435e+00  -6.275435e+00
3.728759e+00  -6.625889e+00
3.729084e+00  -6.809812e+00
3.729408e+00  -6.262370e+00
3.729732e+00  -6.625889e+00
3.730055e+00  -6.190811e+00
3.730378e+00  -6.262370e+00
3.730702e+00  -6.262370e+00
3.731024e+00  -6.597139e+00
3.731347e+00  -6.625889e+00
3.731669e+00  -6.129391e+00
3.731991e+00  -7.243756e+00
3.732313e+00  -6.138971e+00
3.732635e+00  -6.201865e+00
3.732956e+00  -6.262370e+00
3.733278e+00  -6.857760e+00
3.733598e+00  -6.262370e+00
3.733919e+00  -6.625889e+00
3.734240e+00  -6.455003e+00
3.734560e+00  -6.809812e+00
3.734880e+00  -6.625889e+00
3.735200e+00  -6.027727e+00
3.735519e+00  -7.388788e+00
3.735838e+00  -6.809812e+00
3.736157e+00  -7.388788e+00
3.736476e+00  -5.909441e+00
3.736795e+00  -6.597139e+00
3.737113e+00  -6.364061e+00
3.737431e+00  -6.201865e+00
3.737749e+00  -7.243756e+00
3.738067e+00  -6.455003e+00
3.738384e+00  -7.388788e+00
3.738701e+00  -6.857760e+00
3.739018e+00  -6.129391e+00
3.739335e+00  -6.364061e+00
3.739651e+00  -6.129391e+00
3.739968e+00  -6.597139e+00
3.740284e+00  -6.857760e+00
3.740600e+00  -7.243756e+00
3.740915e+00  -6.475535e+00
3.741230e+00  -6.190811e+00
3.741546e+00  -6.190811e+00
3.741860e+00  -6.857760e+00
3.742175e+00  -6.625889e+00
3.742489e+00  -6.075591e+00
3.742804e+00  -7.243756e+00
3.743118e+00  -6.364061e+00
3.743431e+00  -6.597139e+00
3.743745e+00  -6.364061e+00
3.744058e+00  -5.984619e+00
3.744371e+00  -6.857760e+00
3.744684e+00  -6.275435e+00
3.744997e+00  -7.388788e+00
3.745309e+00  -6.027727e+00
3.745621e+00  -6.075591e+00
3.745933e+00  -6.190811e+00
3.746245e+00  -7.243756e+00
3.746556e+00  -6.857760e+00
3.746868e+00  -6.364061e+00
3.747179e+00  -6.597139e+00
3.747489e+00  -6.597139e+00
3.747800e+00  -6.364061e+00
3.748110e+00  -7.243756e+00
3.748421e+00  -6.857760e+00
3.748731e+00  -6.809812e+00
3.749040e+00  -6.035290e+00
3.749350e+00  -6.625889e+00
3.749659e+00  -6.475535e+00
3.749968e+00  -6.348093e+00
3.750277e+00  -6.129391e+00
3.750586e+00  -6.190811e+00
3.750894e+00  -6.275435e+00
3.751202e+00  -6.035290e+00
3.751510e+00  -6.475535e+00
3.751818e+00  -6.597139e+00
3.752125e+00  -6.084044e+00
3.752433e+00  -6.364061e+00
3.752740e+00  -6.348093e+00
3.753047e+00  -6.455003e+00
3.753353e+00  -7.388788e+00
3.753660e+00  -6.262370e+00
3.753966e+00  -6.348093e+00
3.754272e+00  -7.243756e+00
3.754578e+00  -6.190811e+00
3.754883e+00  -7.388788e+00
3.755189e+00  -6.262370e+00
3.755494e+00  -6.809812e+00
3.755799e+00  -7.388788e+00
3.756103e+00  -6.129391e+00
3.756408e+00  -6.138971e+00
3.756712e+00  -6.857760e+00
3.757016e+00  -6.262370e+00
3.757320e+00  -6.857760e+00
3.757624e+00  -6.262370e+00
3.757927e+00  -6.138971e+00
3.758230e+00  -7.243756e+00
3.758533e+00  -6.625889e+00
3.758836e+00  -7.243756e+00
3.759139e+00  -6.275435e+00
3.759441e+00  -7.243756e+00
3.759743e+00  -6.475535e+00
3.760045e+00  -6.084044e+00
3.760347e+00  -6.190811e+00
3.760649e+00  -6.857760e+00
3.760950e+00  -6.075591e+00
3.761251e+00  -6.857760e+00
3.761552e+00  -6.857760e+00
3.761853e+00  -6.262370e+00
3.762153e+00  -6.455003e+00
3.762453e+00  -5.991462e+00
3.762754e+00  -7.243756e+00
3.763053e+00  -6.075591e+00
3.763353e+00  -7.243756e+00
3.763653e+00  -6.075591e+00
3.763952e+00  -6.084044e+00
3.764251e+00  -6.597139e+00
3.764550e+00  -6.857760e+00
3.764848e+00  -6.857760e+00
3.765147e+00  -6.129391e+00
3.765445e+00  -6.348093e+00
3.765743e+00  -6.625889e+00
3.766041e+00  -6.190811e+00
3.766338e+00  -6.857760e+00
3.766636e+00  -6.625889e+00
3.766933e+00  -5.984619e+00
3.767230e+00  -6.201865e+00
3.767527e+00  -6.129391e+00
3.767823e+00  -7.388788e+00
3.768120e+00  -6.364061e+00
3.768416e+00  -6.857760e+00
3.768712e+00  -7.243756e+00
3.769008e+00  -6.809812e+00
3.769303e+00  -6.084044e+00
3.769599e+00  -7.388788e+00
3.769894e+00  -7.388788e+00
3.770189e+00  -6.809812e+00
3.770484e+00  -6.348093e+00
3.770778e+00  -6.455003e+00
3.771073e+00  -7.243756e+00
3.771367e+00  -5.876229e+00
3.771661e+00  -6.597139e+00
3.771955e+00  -6.348093e+00
3.772248e+00  -6.455003e+00
3.772542e+00  -7.388788e+00
3.772835e+00  -6.857760e+00
3.773128e+00  -6.455003e+00
3.773421e+00  -6.857760e+00
3.773713e+00  -6.857760e+00
3.774006e+00  -7.243756e+00
3.774298e+00  -6.857760e+00
3.774590e+00  -6.809812e+00
3.774882e+00  -6.625889e+00
3.775173e+00  -6.201865e+00
3.775465e+00  -6.190811e+00
3.775756e+00  -6.348093e+00
3.776047e+00  -7.243756e+00
3.776338e+00  -6.597139e+00
3.776629e+00  -6.455003e+00
3.776919e+00  -6.809812e+00
3.777209e+00  -6.129391e+00
3.777499e+00  -6.190811e+00
3.777789e+00  -6.597139e+00
3.778079e+00  -6.475535e+00
3.778368e+00  -6.190811e+00
3.778658e+00  -6.129391e+00
3.778947e+00  -6.348093e+00
3.779236e+00  -6.597139e+00
3.779524e+00  -7.243756e+00
3.779813e+00  -7.243756e+00
3.780101e+00  -7.243756e+00
3.780389e+00  -6.201865e+00
3.780677e+00  -6.348093e+00
3.780965e+00  -6.364061e+00
3.781253e+00  -6.364061e+00
3.781540e+00  -6.809812e+00
3.781827e+00  -6.597139e+00
3.782114e+00  -6.625889e+00
3.782401e+00  -6.035290e+00
3.782688e+00  -6.190811e+00
3.782974e+00  -7.243756e+00
3.783260e+00  -7.388788e+00
3.783546e+00  -6.027727e+00
3.783832e+00  -7.388788e+00
3.784118e+00  -6.597139e+00
3.784403e+00  -6.027727e+00
3.784689e+00  -6.364061e+00
3.784974e+00  -6.348093e+00
3.785259e+00  -6.475535e+00
3.785543e+00  -6.075591e+00
3.785828e+00  -6.475535e+00
3.786112e+00  -6.625889e+00
3.786396e+00  -6.201865e+00
3.786680e+00  -6.275435e+00
3.786964e+00  -7.243756e+00
3.787248e+00  -6.625889e+00
3.787531e+00  -6.625889e+00
3.787815e+00  -6.348093e+00
3.788098e+00  -6.348093e+00
3.788381e+00  -6.857760e+00
3.788663e+00  -5.991462e+00
3.788946e+00  -6.857760e+00
3.789228e+00  -6.138971e+00
3.789510e+00  -6.809812e+00
3.789792e+00  -7.243756e+00
3.790074e+00  -6.075591e+00
3.790356e+00  -6.262370e+00
3.790637e+00  -6.809812e+00
3.790918e+00  -6.201865e+00
3.791199e+00  -6.364061e+00
3.791480e+00  -6.364061e+00
3.791761e+00  -6.027727e+00
3.792041e+00  -6.625889e+00
3.792322e+00  -6.857760e+00
3.792602e+00  -6.857760e+00
3.792882e+00  -6.348093e+00
3.793162e+00  -6.597139e+00
3.793441e+00  -6.190811e+00
3.793721e+00  -7.388788e+00
3.794000e+00  -6.597139e+00
3.794279e+00  -6.809812e+00
3.794558e+00  -6.201865e+00
3.794836e+00  -6.129391e+00
3.795115e+00  -6.190811e+00
3.795393e+00  -6.475535e+00
3.795672e+00  -6.348093e+00
3.795949e+00  -6.597139e+00
3.796227e+00  -5.881551e+00
3.796505e+00  -6.348093e+00
3.796782e+00  -5.743990e+00
3.797060e+00  -6.201865e+00
3.797337e+00  -6.597139e+00
3.797614e+00  -7.388788e+00
3.797890e+00  -6.809812e+00
3.798167e+00  -6.262370e+00
3.798443e+00  -7.243756e+00
3.798720e+00  -6.275435e+00
3.798996e+00  -7.388788e+00
3.799272e+00  -6.625889e+00
3.799547e+00  -6.027727e+00
3.799823e+00  -6.027727e+00
3.800098e+00  -6.138971e+00
3.800373e+00  -6.455003e+00
3.800648e+00  -6.455003e+00
3.800923e+00  -6.190811e+00
3.801198e+00  -6.625889e+00
3.801472e+00  -7.388788e+00
3.801747e+00  -6.809812e+00
3.802021e+00  -6.625889e+00
3.802295e+00  -7.243756e+00
3.802568e+00  -6.190811e+00
3.802842e+00  -6.190811e+00
3.803116e+00  -6.348093e+00
3.803389e+00  -6.809812e+00
3.803662e+00  -6.262370e+00
3.803935e+00  -6.455003e+00
3.804208e+00  -6.455003e+00
3.804480e+00  -7.243756e+00
3.804753e+00  -7.388788e+00
3.805025e+00  -6.597139e+00
3.805297e+00  -6.138971e+00
3.805569e+00  -6.597139e+00
3.805841e+00  -6.075591e+00
3.806112e+00  -6.809812e+00
3.806384e+00  -6.475535e+00
3.806655e+00  -6.475535e+00
3.806926e+00  -6.262370e+00
3.807197e+00  -5.945405e+00
3.807467e+00  -5.991462e+00
3.807738e+00  -7.243756e+00
3.808008e+00  -6.455003e+00
3.808279e+00  -6.625889e+00
3.808549e+00  -6.084044e+00
3.808818e+00  -6.027727e+00
3.809088e+00  -6.455003e+00
3.809358e+00  -6.475535e+00
3.809627e+00  -6.138971e+00
3.809896e+00  -6.809812e+00
3.810165e+00  -6.190811e+00
3.810434e+00  -6.348093e+00
3.810703e+00  -7.243756e+00
3.810971e+00  -6.597139e+00
3.811240e+00  -6.857760e+00
3.811508e+00  -6.455003e+00
3.811776e+00  -7.243756e+00
3.812044e+00  -6.809812e+00
3.812312e+00  -6.201865e+00
3.812579e+00  -6.809812e+00
3.812847e+00  -6.262370e+00
3.813114e+00  -6.809812e+00
3.813381e+00  -6.364061e+00
3.813648e+00  -7.388788e+00
3.813914e+00  -6.625889e+00
3.814181e+00  -6.138971e+00
3.814447e+00  -6.201865e+00
3.814714e+00  -6.075591e+00
3.814980e+00  -7.243756e+00
3.815246e+00  -7.243756e+00
3.815511e+00  -6.857760e+00
3.815777e+00  -7.388788e+00
3.816042e+00  -6.625889e+00
3.816308e+00  -7.243756e+00
3.816573e+00  -6.262370e+00
3.816838e+00  -7.243756e+00
3.817102e+00  -6.275435e+00
3.817367e+00  -6.597139e+00
3.817631e+00  -6.625889e+00
3.817896e+00  -6.455003e+00
3.818160e+00  -6.027727e+00
3.818424e+00  -6.475535e+00
3.818688e+00  -6.190811e+00
3.818951e+00  -6.262370e+00
3.819215e+00  -6.455003e+00
3.819478e+00  -5.821208e+00
3.819741e+00  -6.348093e+00
3.820004e+00  -6.027727e+00
3.820267e+00  -6.455003e+00
3.820530e+00  -6.075591e+00
3.820792e+00  -6.809812e+00
3.821055e+00  -6.597139e+00
3.821317e+00  -6.597139e+00
3.821579e+00  -6.262370e+00
3.821841e+00  -6.475535e+00
3.822103e+00  -6.129391e+00
3.822364e+00  -6.027727e+00
3.822626e+00  -6.262370e+00
3.822887e+00  -6.809812e+00
3.823148e+00  -5.845377e+00
3.823409e+00  -6.625889e+00
3.823670e+00  -6.190811e+00
3.823930e+00  -6.348093e+00
3.824191e+00  -7.243756e+00
3.824451e+00  -7.243756e+00
3.824711e+00  -6.027727e+00
3.824971e+00  -6.625889e+00
3.825231e+00  -5.984619e+00
3.825491e+00  -6.348093e+00
3.825751e+00  -6.348093e+00
3.826010e+00  -6.364061e+00
3.826269e+00  -6.475535e+00
3.826528e+00  -6.857760e+00
3.826787e+00  -6.364061e+00
3.827046e+00  -6.364061e+00
3.827305e+00  -6.597139e+00
3.827563e+00  -6.262370e+00
3.827821e+00  -6.275435e+00
3.828080e+00  -6.475535e+00
3.828338e+00  -6.348093e+00
3.828595e+00  -6.625889e+00
3.828853e+00  -6.075591e+00
3.829111e+00  -6.597139e+00
3.829368e+00  -6.857760e+00
3.829625e+00  -6.084044e+00
3.829882e+00  -6.625889e+00
3.830139e+00  -6.348093e+00
3.830396e+00  -5.984619e+00
3.830653e+00  -6.364061e+00
3.830909e+00  -6.475535e+00
3.831166e+00  -6.597139e+00
3.831422e+00  -6.597139e+00
3.831678e+00  -6.597139e+00
3.831934e+00  -6.597139e+00
3.832189e+00  -6.348093e+00
3.832445e+00  -6.475535e+00
3.832700e+00  -6.597139e+00
3.832956e+00  -5.984619e+00
3.833211e+00  -6.348093e+00
3.833466e+00  -6.262370e+00
3.833721e+00  -6.190811e+00
3.833975e+00  -6.129391e+00
3.834230e+00  -5.881551e+00
3.834484e+00  -6.190811e+00
3.834739e+00  -6.809812e+00
3.834993e+00  -6.348093e+00
3.835247e+00  -7.388788e+00
3.835500e+00  -7.388788e+00
3.835754e+00  -6.475535e+00
3.836007e+00  -6.625889e+00
3.836261e+00  -6.262370e+00
3.836514e+00  -7.388788e+00
3.836767e+00  -6.348093e+00
3.837020e+00  -6.597139e+00
3.837273e+00  -6.597139e+00
3.837525e+00  -5.984619e+00
3.837778e+00  -5.984619e+00
3.838030e+00  -6.364061e+00
3.838282e+00  -6.348093e+00
3.838534e+00  -6.262370e+00
3.838786e+00  -6.201865e+00
3.839038e+00  -6.348093e+00
3.839289e+00  -5.984619e+00
3.839541e+00  -6.597139e+00
3.839792e+00  -6.027727e+00
3.840043e+00  -6.625889e+00
3.840294e+00  -5.984619e+00
3.840545e+00  -5.850333e+00
3.840796e+00  -6.597139e+00
3.841046e+00  -6.597139e+00
3.841297e+00  -7.243756e+00
3.841547e+00  -6.027727e+00
3.841797e+00  -6.364061e+00
3.842047e+00  -6.129391e+00
3.842297e+00  -6.129391e+00
3.842547e+00  -6.475535e+00
3.842796e+00  -6.190811e+00
3.843046e+00  -6.262370e+00
3.843295e+00  -6.809812e+00
3.843544e+00  -6.129391e+00
3.843793e+00  -6.809812e+00
3.844042e+00  -6.857760e+00
3.844291e+00  -7.388788e+00
3.844539e+00  -5.984619e+00
3.844788e+00  -6.475535e+00
3.845036e+00  -6.597139e+00
3.845284e+00  -6.857760e+00
3.845532e+00  -7.388788e+00
3.845780e+00  -6.275435e+00
3.846028e+00  -5.909441e+00
3.846275e+00  -6.857760e+00
3.846523e+00  -6.348093e+00
3.846770e+00  -6.597139e+00
3.847017e+00  -5.984619e+00
3.847264e+00  -7.388788e+00
3.847511e+00  -7.243756e+00
3.847758e+00  -6.455003e+00
3.848004e+00  -6.857760e+00
3.848251e+00  -6.262370e+00
3.848497e+00  -6.857760e+00
3.848743e+00  -6.857760e+00
3.848989e+00  -6.455003e+00
3.849235e+00  -6.201865e+00
3.849481e+00  -6.138971e+00
3.849726e+00  -6.190811e+00
3.849972e+00  -6.027727e+00
3.850217e+00  -7.243756e+00
3.850462e+00  -7.243756e+00
3.850707e+00  -6.809812e+00
3.850952e+00  -6.075591e+00
3.851197e+00  -6.275435e+00
3.851442e+00  -6.262370e+00
3.851686e+00  -5.876229e+00
3.851931e+00  -6.857760e+00
3.852175e+00  -7.388788e+00
3.852419e+00  -6.475535e+00
3.852663e+00  -6.129391e+00
3.852907e+00  -6.455003e+00
3.853150e+00  -6.262370e+00
3.853394e+00  -6.625889e+00
3.853637e+00  -6.084044e+00
3.853881e+00  -6.201865e+00
3.854124e+00  -5.945405e+00
3.854367e+00  -6.455003e+00
3.854610e+00  -6.075591e+00
3.854852e+00  -6.348093e+00
3.855095e+00  -6.275435e+00
3.855337e+00  -5.951653e+00
3.855580e+00  -6.597139e+00
3.855822e+00  -6.475535e+00
3.856064e+00  -7.388788e+00
3.856306e+00  -6.348093e+00
3.856548e+00  -6.857760e+00
3.856789e+00  -6.129391e+00
3.857031e+00  -6.455003e+00
3.857272e+00  -6.027727e+00
3.857513e+00  -7.388788e+00
3.857755e+00  -5.991462e+00
3.857995e+00  -5.945405e+00
3.858236e+00  -6.262370e+00
3.858477e+00  -6.348093e+00
3.858718e+00  -6.475535e+00
3.858958e+00  -6.190811e+00
3.859198e+00  -6.597139e+00
3.859439e+00  -6.597139e+00
3.859679e+00  -6.625889e+00
3.859918e+00  -6.027727e+00
3.860158e+00  -6.625889e+00
3.860398e+00  -7.388788e+00
3.860637e+00  -6.809812e+00
3.860877e+00  -6.262370e+00
3.861116e+00  -6.475535e+00
3.861355e+00  -7.388788e+00
3.861594e+00  -6.190811e+00
3.861833e+00  -7.388788e+00
3.862072e+00  -7.388788e+00
3.862310e+00  -6.625889e+00
3.862549e+00  -6.262370e+00
3.862787e+00  -6.190811e+00
3.863025e+00  -6.027727e+00
3.863263e+00  -6.084044e+00
3.863501e+00  -6.597139e+00
3.863739e+00  -6.138971e+00
3.863977e+00  -6.455003e+00
3.864214e+00  -6.597139e+00
3.864452e+00  -6.138971e+00
3.864689e+00  -5.764130e+00
3.864926e+00  -6.597139e+00
3.865163e+00  -6.809812e+00
3.865400e+00  -6.364061e+00
3.865637e+00  -5.984619e+00
3.865874e+00  -7.388788e+00
3.866110e+00  -6.129391e+00
3.866346e+00  -6.027727e+00
3.866583e+00  -6.455003e+00
3.866819e+00  -6.597139e+00
3.867055e+00  -6.809812e+00
3.867291e+00  -6.201865e+00
3.867526e+00  -6.075591e+00
3.867762e+00  -6.455003e+00
3.867998e+00  -7.388788e+00
3.868233e+00  -6.625889e+00
3.868468e+00  -6.597139e+00
3.868703e+00  -5.991462e+00
3.868938e+00  -5.789560e+00
3.869173e+00  -6.035290e+00
3.869408e+00  -7.243756e+00
3.869642e+00  -6.455003e+00
3.869877e+00  -6.262370e+00
3.870111e+00  -7.388788e+00
3.870345e+00  -7.243756e+00
3.870579e+00  -5.945405e+00
3.870813e+00  -6.075591e+00
3.871047e+00  -6.138971e+00
3.871281e+00  -6.129391e+00
3.871515e+00  -6.138971e+00
3.871748e+00  -5.789560e+00
3.871981e+00  -5.909441e+00
3.872215e+00  -5.991462e+00
3.872448e+00  -6.129391e+00
3.872681e+00  -6.348093e+00
3.872913e+00  -5.945405e+00
3.873146e+00  -6.625889e+00
3.873379e+00  -5.876229e+00
3.873611e+00  -6.455003e+00
3.873844e+00  -6.275435e+00
3.874076e+00  -6.190811e+00
3.874308e+00  -5.945405e+00
3.874540e+00  -6.597139e+00
3.874772e+00  -6.809812e+00
3.875003e+00  -6.625889e+00
3.875235e+00  -5.876229e+00
3.875466e+00  -5.909441e+00
3.875698e+00  -6.084044e+00
3.875929e+00  -5.945405e+00
3.876160e+00  -6.262370e+00
3.876391e+00  -6.262370e+00
3.876622e+00  -5.789560e+00
3.876853e+00  -7.388788e+00
3.877083e+00  -5.699218e+00
3.877314e+00  -6.348093e+00
3.877544e+00  -6.027727e+00
3.877774e+00  -6.348093e+00
3.878004e+00  -5.695713e+00
3.878234e+00  -6.190811e+00
3.878464e+00  -5.915189e+00
3.878694e+00  -6.348093e+00
3.878924e+00  -6.348093e+00
3.879153e+00  -6.364061e+00
3.879383e+00  -6.597139e+00
3.879612e+00  -5.991462e+00
3.879841e+00  -6.035290e+00
3.880070e+00  -7.388788e+00
3.880299e+00  -6.857760e+00
3.880528e+00  -5.845377e+00
3.880756e+00  -6.129391e+00
3.880985e+00  -6.597139e+00
3.881213e+00  -6.597139e+00
3.881442e+00  -6.364061e+00
3.881670e+00  -6.809812e+00
3.881898e+00  -6.455003e+00
3.882126e+00  -5.984619e+00
3.882354e+00  -6.809812e+00
3.882581e+00  -7.388788e+00
3.882809e+00  -6.027727e+00
3.883037e+00  -5.945405e+00
3.883264e+00  -7.243756e+00
3.883491e+00  -6.275435e+00
3.883718e+00  -6.075591e+00
3.883945e+00  -6.262370e+00
3.884172e+00  -6.364061e+00
3.884399e+00  -6.455003e+00
3.884625e+00  -6.455003e+00
3.884852e+00  -6.275435e+00
3.885078e+00  -5.951653e+00
3.885305e+00  -5.909441e+00
3.885531e+00  -6.084044e+00
3.885757e+00  -6.455003e+00
3.885983e+00  -7.243756e+00
3.886209e+00  -6.348093e+00
3.886434e+00  -7.388788e+00
3.886660e+00  -7.388788e+00
3.886885e+00  -6.809812e+00
3.887111e+00  -6.201865e+00
3.887336e+00  -5.991462e+00
3.887561e+00  -6.348093e+00
3.887786e+00  -6.348093e+00
3.888011e+00  -7.243756e+00
3.888236e+00  -6.809812e+00
3.888460e+00  -6.138971e+00
3.888685e+00  -5.816573e+00
3.888909e+00  -6.084044e+00
3.889134e+00  -5.945405e+00
3.889358e+00  -6.348093e+00
3.889582e+00  -5.816573e+00
3.889806e+00  -6.809812e+00
3.890030e+00  -7.388788e+00
3.890253e+00  -6.809812e+00
3.890477e+00  -7.243756e+00
3.890700e+00  -7.388788e+00
3.890924e+00  -6.475535e+00
3.891147e+00  -6.084044e+00
3.891370e+00  -6.262370e+00
3.891593e+00  -6.857760e+00
3.891816e+00  -6.190811e+00
3.892039e+00  -6.809812e+00
3.892262e+00  -5.655440e+00
3.892484e+00  -6.597139e+00
3.892707e+00  -6.075591e+00
3.892929e+00  -6.348093e+00
3.893151e+00  -6.075591e+00
3.893373e+00  -6.262370e+00
3.893595e+00  -6.262370e+00
3.893817e+00  -5.876229e+00
3.894039e+00  -6.138971e+00
3.894261e+00  -6.857760e+00
3.894482e+00  -6.364061e+00
3.894704e+00  -6.625889e+00
3.894925e+00  -6.190811e+00
3.895146e+00  -6.275435e+00
3.895367e+00  -6.455003e+00
3.895588e+00  -7.388788e+00
3.895809e+00  -6.809812e+00
3.896030e+00  -6.455003e+00
3.896251e+00  -6.129391e+00
3.896471e+00  -5.909441e+00
3.896692e+00  -5.945405e+00
3.896912e+00  -5.984619e+00
3.897132e+00  -6.857760e+00
3.897352e+00  -6.809812e+00
3.897572e+00  -5.876229e+00
3.897792e+00  -5.951653e+00
3.898012e+00  -6.275435e+00
3.898231e+00  -6.475535e+00
3.898451e+00  -6.857760e+00
3.898670e+00  -6.364061e+00
3.898890e+00  -6.475535e+00
3.899109e+00  -5.740107e+00
3.899328e+00  -6.075591e+00
3.899547e+00  -6.275435e+00
3.899766e+00  -6.129391e+00
3.899985e+00  -5.909441e+00
3.900203e+00  -6.809812e+00
3.900422e+00  -6.129391e+00
3.900640e+00  -5.945405e+00
3.900859e+00  -7.388788e+00
3.901077e+00  -6.597139e+00
3.901295e+00  -5.845377e+00
3.901513e+00  -6.809812e+00
3.901731e+00  -6.857760e+00
3.901948e+00  -5.876229e+00
3.902166e+00  -5.984619e+00
3.902384e+00  -7.243756e+00
3.902601e+00  -7.243756e+00
3.902818e+00  -5.816573e+00
3.903036e+00  -5.816573e+00
3.903253e+00  -6.348093e+00
3.903470e+00  -7.388788e+00
3.903687e+00  -6.475535e+00
3.903904e+00  -6.075591e+00
3.904120e+00  -5.876229e+00
3.904337e+00  -7.243756e+00
3.904553e+00  -6.129391e+00
3.904770e+00  -5.991462e+00
3.904986e+00  -6.075591e+00
3.905202e+00  -6.364061e+00
3.905418e+00  -6.364061e+00
3.905634e+00  -7.388788e+00
3.905850e+00  -6.262370e+00
3.906066e+00  -5.909441e+00
3.906281e+00  -6.262370e+00
3.906497e+00  -6.348093e+00
3.906712e+00  -5.945405e+00
3.906927e+00  -6.455003e+00
3.907143e+00  -7.388788e+00
3.907358e+00  -6.625889e+00
3.907573e+00  -5.675110e+00
3.907787e+00  -6.364061e+00
3.908002e+00  -6.857760e+00
3.908217e+00  -6.190811e+00
3.908431e+00  -7.388788e+00
3.908646e+00  -5.909441e+00
3.908860e+00  -6.190811e+00
3.909074e+00  -6.129391e+00
3.909289e+00  -6.625889e+00
3.909503e+00  -6.475535e+00
3.909716e+00  -6.075591e+00
3.909930e+00  -5.816573e+00
3.910144e+00  -6.455003e+00
3.910358e+00  -6.364061e+00
3.910571e+00  -6.275435e+00
3.910784e+00  -6.035290e+00
3.910998e+00  -6.129391e+00
3.911211e+00  -6.809812e+00
3.911424e+00  -6.075591e+00
3.911637e+00  -6.262370e+00
3.911850e+00  -6.348093e+00
3.912063e+00  -7.243756e+00
3.912275e+00  -6.475535e+00
3.912488e+00  -5.845377e+00
3.912700e+00  -5.675110e+00
3.912913e+00  -6.084044e+00
3.913125e+00  -6.027727e+00
3.913337e+00  -6.455003e+00
3.913549e+00  -5.789560e+00
3.913761e+00  -6.809812e+00
3.913973e+00  -7.243756e+00
3.914184e+00  -6.625889e+00
3.914396e+00  -6.625889e+00
3.914608e+00  -6.364061e+00
3.914819e+00  -6.857760e+00
3.915030e+00  -6.348093e+00
3.915241e+00  -7.388788e+00
3.915453e+00  -6.262370e+00
3.915664e+00  -6.475535e+00
3.915875e+00  -6.364061e+00
3.916085e+00  -6.348093e+00
3.916296e+00  -6.027727e+00
3.916507e+00  -5.991462e+00
3.916717e+00  -5.984619e+00
3.916927e+00  -6.809812e+00
3.917138e+00  -6.262370e+00
3.917348e+00  -6.809812e+00
3.917558e+00  -5.945405e+00
3.917768e+00  -5.951653e+00
3.917978e+00  -6.364061e+00
3.918188e+00  -6.475535e+00
3.918397e+00  -5.915189e+00
3.918607e+00  -6.138971e+00
3.918816e+00  -6.625889e+00
3.919026e+00  -6.190811e+00
3.919235e+00  -6.857760e+00
3.919444e+00  -6.809812e+00
3.919653e+00  -6.455003e+00
3.919862e+00  -6.597139e+00
3.920071e+00  -5.945405e+00
3.920280e+00  -6.262370e+00
3.920489e+00  -5.984619e+00
3.920697e+00  -5.816573e+00
3.920906e+00  -5.845377e+00
3.921114e+00  -6.348093e+00
3.921322e+00  -5.945405e+00
3.921530e+00  -6.455003e+00
3.921738e+00  -6.625889e+00
3.921946e+00  -6.129391e+00
3.922154e+00  -7.243756e+00
3.922362e+00  -7.243756e+00
3.922570e+00  -5.945405e+00
3.922777e+00  -7.388788e+00
3.922985e+00  -6.597139e+00
3.923192e+00  -6.475535e+00
3.923399e+00  -7.388788e+00
3.923607e+00  -6.364061e+00
3.923814e+00  -6.027727e+00
3.924021e+00  -6.625889e+00
3.924228e+00  -5.984619e+00
3.924434e+00  -6.262370e+00
3.924641e+00  -6.275435e+00
3.924848e+00  -6.348093e+00
3.925054e+00  -7.243756e+00
3.925261e+00  -7.388788e+00
3.925467e+00  -6.201865e+00
3.925673e+00  -6.084044e+00
3.925879e+00  -7.243756e+00
3.926085e+00  -6.475535e+00
3.926291e+00  -6.809812e+00
3.926497e+00  -6.262370e+00
3.926702e+00  -6.597139e+00
3.926908e+00  -6.275435e+00
3.927114e+00  -6.348093e+00
3.927319e+00  -5.945405e+00
3.927524e+00  -5.876229e+00
3.927730e+00  -6.348093e+00
3.927935e+00  -6.348093e+00
3.928140e+00  -6.348093e+00
3.928345e+00  -6.597139e+00
3.928549e+00  -7.243756e+00
3.928754e+00  -5.951653e+00
3.928959e+00  -6.348093e+00
3.929163e+00  -6.129391e+00
3.929368e+00  -6.625889e+00
3.929572e+00  -6.075591e+00
3.929776e+00  -6.035290e+00
3.929981e+00  -7.388788e+00
3.930185e+00  -6.084044e+00
3.930389e+00  -6.475535e+00
3.930592e+00  -6.455003e+00
3.930796e+00  -6.475535e+00
3.931000e+00  -7.243756e+00
3.931204e+00  -6.625889e+00
3.931407e+00  -6.138971e+00
3.931610e+00  -6.809812e+00
3.931814e+00  -7.243756e+00
3.932017e+00  -6.035290e+00
3.932220e+00  -6.857760e+00
3.932423e+00  -6.138971e+00
3.932626e+00  -6.075591e+00
3.932829e+00  -6.138971e+00
3.933031e+00  -6.475535e+00
3.933234e+00  -6.857760e+00
3.933437e+00  -6.809812e+00
3.933639e+00  -6.129391e+00
3.933841e+00  -7.243756e+00
3.934044e+00  -6.348093e+00
3.934246e+00  -6.262370e+00
3.934448e+00  -5.538178e+00
3.934650e+00  -6.190811e+00
3.934852e+00  -5.984619e+00
3.935054e+00  -6.190811e+00
3.935255e+00  -6.455003e+00
3.935457e+00  -6.201865e+00
3.935658e+00  -6.348093e+00
3.935860e+00  -5.984619e+00
3.936061e+00  -5.984619e+00
3.936262e+00  -6.857760e+00
3.936463e+00  -6.075591e+00
3.936665e+00  -7.243756e+00
3.936865e+00  -6.190811e+00
3.937066e+00  -6.075591e+00
3.937267e+00  -7.243756e+00
3.937468e+00  -6.857760e+00
3.937668e+00  -5.909441e+00
3.937869e+00  -5.793915e+00
3.938069e+00  -5.816573e+00
3.938269e+00  -6.138971e+00
3.938470e+00  -6.348093e+00
3.938670e+00  -6.129391e+00
3.938870e+00  -6.190811e+00
3.939070e+00  -6.809812e+00
3.939270e+00  -6.857760e+00
3.939469e+00  -5.816573e+00
3.939669e+00  -6.262370e+00
3.939869e+00  -5.915189e+00
3.940068e+00  -6.262370e+00
3.940267e+00  -7.243756e+00
3.940467e+00  -7.243756e+00
3.940666e+00  -6.597139e+00
3.940865e+00  -5.945405e+00
3.941064e+00  -6.348093e+00
3.941263e+00  -7.388788e+00
3.941462e+00  -6.129391e+00
3.941660e+00  -6.027727e+00
3.941859e+00  -6.857760e+00
3.942058e+00  -5.789560e+00
3.942256e+00  -6.348093e+00
3.942455e+00  -6.475535e+00
3.942653e+00  -5.876229e+00
3.942851e+00  -7.388788e+00
3.943049e+00  -6.129391e+00
3.943247e+00  -6.201865e+00
3.943445e+00  -6.364061e+00
3.943643e+00  -5.881551e+00
3.943841e+00  -5.695713e+00
3.944038e+00  -6.455003e+00
3.944236e+00  -6.027727e+00
3.944433e+00  -5.909441e+00
3.944631e+00  -7.388788e+00
3.944828e+00  -6.075591e+00
3.945025e+00  -5.876229e+00
3.945222e+00  -7.243756e+00
3.945419e+00  -6.809812e+00
3.945616e+00  -6.809812e+00
3.945813e+00  -6.201865e+00
3.946010e+00  -5.740107e+00
3.946207e+00  -6.190811e+00
3.946403e+00  -6.625889e+00
3.946600e+00  -5.984619e+00
3.946796e+00  -7.243756e+00
3.946992e+00  -6.809812e+00
3.947189e+00  -6.597139e+00
3.947385e+00  -5.991462e+00
3.947581e+00  -6.075591e+00
3.947777e+00  -6.075591e+00
3.947973e+00  -6.348093e+00
3.948168e+00  -5.695713e+00
3.948364e+00  -6.190811e+00
3.948560e+00  -6.262370e+00
3.948755e+00  -5.909441e+00
3.948951e+00  -6.597139e+00
3.949146e+00  -7.243756e+00
3.949341e+00  -6.475535e+00
3.949536e+00  -5.850333e+00
3.949731e+00  -6.190811e+00
3.949926e+00  -6.190811e+00
3.950121e+00  -6.475535e+00
3.950316e+00  -6.129391e+00
3.950511e+00  -5.764130e+00
3.950706e+00  -6.597139e+00
3.950900e+00  -6.809812e+00
3.951095e+00  -5.764130e+00
3.951289e+00  -6.625889e+00
3.951483e+00  -6.809812e+00
3.951677e+00  -6.190811e+00
3.951872e+00  -6.597139e+00
3.952066e+00  -6.475535e+00
3.952260e+00  -7.388788e+00
3.952453e+00  -6.027727e+00
3.952647e+00  -6.262370e+00
3.952841e+00  -7.388788e+00
3.953034e+00  -6.027727e+00
3.953228e+00  -6.027727e+00
3.953421e+00  -6.084044e+00
3.953615e+00  -5.915189e+00
3.953808e+00  -5.845377e+00
3.954001e+00  -5.845377e+00
3.954194e+00  -5.945405e+00
3.954387e+00  -6.190811e+00
3.954580e+00  -6.027727e+00
3.954773e+00  -6.084044e+00
3.954966e+00  -6.138971e+00
3.955158e+00  -5.816573e+00
3.955351e+00  -5.984619e+00
3.955543e+00  -6.348093e+00
3.955736e+00  -6.364061e+00
3.955928e+00  -6.138971e+00
3.956120e+00  -5.915189e+00
3.956313e+00  -6.475535e+00
3.956505e+00  -6.138971e+00
3.956697e+00  -6.027727e+00
3.956888e+00  -6.190811e+00
3.957080e+00  -6.190811e+00
3.957272e+00  -6.075591e+00
3.957464e+00  -6.262370e+00
3.957655e+00  -5.945405e+00
3.957847e+00  -6.262370e+00
3.958038e+00  -6.809812e+00
3.958229e+00  -7.243756e+00
3.958421e+00  -6.809812e+00
3.958612e+00  -6.348093e+00
3.958803e+00  -6.809812e+00
3.958994e+00  -6.138971e+00
3.959185e+00  -6.129391e+00
3.959375e+00  -7.388788e+00
3.959566e+00  -5.717343e+00
3.959757e+00  -5.984619e+00
3.959947e+00  -6.809812e+00
3.960138e+00  -6.597139e+00
3.960328e+00  -6.190811e+00
3.960518e+00  -5.764130e+00
3.960709e+00  -5.984619e+00
3.960899e+00  -6.138971e+00
3.961089e+00  -6.857760e+00
3.961279e+00  -6.138971e+00
3.961469e+00  -6.348093e+00
3.961658e+00  -6.129391e+00
3.961848e+00  -5.876229e+00
3.962038e+00  -6.809812e+00
3.962227e+00  -6.364061e+00
3.962417e+00  -6.027727e+00
3.962606e+00  -6.597139e+00
3.962795e+00  -6.129391e+00
3.962985e+00  -6.075591e+00
3.963174e+00  -5.764130e+00
3.963363e+00  -6.475535e+00
3.963552e+00  -5.876229e+00
3.963741e+00  -6.364061e+00
3.963929e+00  -6.857760e+00
3.964118e+00  -6.027727e+00
3.964307e+00  -5.876229e+00
3.964495e+00  -6.597139e+00
3.964684e+00  -5.984619e+00
3.964872e+00  -5.945405e+00
3.965061e+00  -5.915189e+00
3.965249e+00  -5.909441e+00
3.965437e+00  -6.809812e+00
3.965625e+00  -6.262370e+00
3.965813e+00  -6.857760e+00
3.966001e+00  -6.625889e+00
3.966189e+00  -5.821208e+00
3.966376e+00  -5.876229e+00
3.966564e+00  -6.129391e+00
3.966752e+00  -6.625889e+00
3.966939e+00  -6.348093e+00
3.967127e+00  -6.364061e+00
3.967314e+00  -6.075591e+00
3.967501e+00  -6.129391e+00
3.967688e+00  -6.597139e+00
3.967875e+00  -6.348093e+00
3.968062e+00  -6.597139e+00
3.968249e+00  -7.388788e+00
3.968436e+00  -5.991462e+00
3.968623e+00  -7.243756e+00
3.968810e+00  -6.809812e+00
3.968996e+00  -6.027727e+00
3.969183e+00  -6.364061e+00
3.969369e+00  -5.945405e+00
3.969556e+00  -7.388788e+00
3.969742e+00  -5.740107e+00
3.969928e+00  -5.636622e+00
3.970114e+00  -5.984619e+00
3.970300e+00  -6.129391e+00
3.970486e+00  -6.129391e+00
3.970672e+00  -5.984619e+00
3.970858e+00  -6.027727e+00
3.971044e+00  -6.190811e+00
3.971229e+00  -6.262370e+00
3.971415e+00  -5.951653e+00
3.971601e+00  -6.364061e+00
3.971786e+00  -6.262370e+00
3.971971e+00  -6.190811e+00
3.972157e+00  -6.138971e+00
3.972342e+00  -6.275435e+00
3.972527e+00  -6.809812e+00
3.972712e+00  -6.597139e+00
3.972897e+00  -6.027727e+00
3.973082e+00  -5.909441e+00
3.973266e+00  -6.625889e+00
3.973451e+00  -5.991462e+00
3.973636e+00  -6.597139e+00
3.973820e+00  -6.597139e+00
3.974005e+00  -7.243756e+00
3.974189e+00  -6.597139e+00
3.974374e+00  -5.991462e+00
3.974558e+00  -6.075591e+00
3.974742e+00  -6.809812e+00
3.974926e+00  -6.597139e+00
3.975110e+00  -6.597139e+00
3.975294e+00  -6.625889e+00
3.975478e+00  -5.876229e+00
3.975662e+00  -6.075591e+00
3.975845e+00  -6.625889e+00
3.976029e+00  -5.764130e+00
3.976212e+00  -6.138971e+00
3.976396e+00  -6.809812e+00
3.976579e+00  -5.816573e+00
3.976763e+00  -6.348093e+00
3.976946e+00  -6.625889e+00
3.977129e+00  -5.876229e+00
3.977312e+00  -6.809812e+00
3.977495e+00  -6.262370e+00
3.977678e+00  -6.809812e+00
3.977861e+00  -5.821208e+00
3.978043e+00  -6.190811e+00
3.978226e+00  -5.764130e+00
3.978409e+00  -6.857760e+00
3.978591e+00  -6.455003e+00
3.978774e+00  -6.129391e+00
3.978956e+00  -6.455003e+00
3.979138e+00  -6.809812e+00
3.979321e+00  -6.597139e+00
3.979503e+00  -6.348093e+00
3.979685e+00  -6.348093e+00
3.979867e+00  -7.243756e+00
3.980049e+00  -6.129391e+00
3.980231e+00  -6.348093e+00
3.980412e+00  -7.243756e+00
3.980594e+00  -5.909441e+00
3.980776e+00  -6.262370e+00
3.980957e+00  -6.857760e+00
3.981139e+00  -6.262370e+00
3.981320e+00  -6.275435e+00
3.981501e+00  -5.816573e+00
3.981683e+00  -5.881551e+00
3.981864e+00  -5.876229e+00
3.982045e+00  -6.455003e+00
3.982226e+00  -6.809812e+00
3.982407e+00  -6.364061e+00
3.982588e+00  -6.129391e+00
3.982769e+00  -6.857760e+00
3.982949e+00  -6.475535e+00
3.983130e+00  -6.035290e+00
3.983310e+00  -6.262370e+00
3.983491e+00  -5.984619e+00
3.983671e+00  -5.945405e+00
3.983852e+00  -5.821208e+00
3.984032e+00  -5.945405e+00
3.984212e+00  -6.190811e+00
3.984392e+00  -5.876229e+00
3.984572e+00  -5.845377e+00
3.984752e+00  -6.857760e+00
3.984932e+00  -6.364061e+00
3.985112e+00  -6.809812e+00
3.985292e+00  -7.388788e+00
3.985471e+00  -6.809812e+00
3.985651e+00  -6.597139e+00
3.985830e+00  -5.945405e+00
3.986010e+00  -6.138971e+00
3.986189e+00  -6.348093e+00
3.986369e+00  -6.809812e+00
3.986548e+00  -6.625889e+00
3.986727e+00  -7.243756e+00
3.986906e+00  -6.857760e+00
3.987085e+00  -5.984619e+00
3.987264e+00  -6.027727e+00
3.987443e+00  -6.857760e+00
3.987622e+00  -6.190811e+00
3.987800e+00  -5.945405e+00
3.987979e+00  -7.388788e+00
3.988157e+00  -6.364061e+00
3.988336e+00  -6.475535e+00
3.988514e+00  -6.348093e+00
3.988693e+00  -6.348093e+00
3.988871e+00  -6.809812e+00
3.989049e+00  -5.740107e+00
3.989227e+00  -6.027727e+00
3.989405e+00  -6.275435e+00
3.989583e+00  -6.455003e+00
3.989761e+00  -6.027727e+00
3.989939e+00  -6.455003e+00
3.990117e+00  -6.190811e+00
3.990294e+00  -6.084044e+00
3.990472e+00  -6.190811e+00
3.990650e+00  -6.597139e+00
3.990827e+00  -7.388788e+00
3.991004e+00  -5.740107e+00
3.991182e+00  -6.190811e+00
3.991359e+00  -6.262370e+00
3.991536e+00  -6.262370e+00
3.991713e+00  -6.348093e+00
3.991890e+00  -6.201865e+00
3.992067e+00  -6.348093e+00
3.992244e+00  -6.364061e+00
3.992421e+00  -5.816573e+00
3.992598e+00  -6.625889e+00
3.992774e+00  -6.857760e+00
3.992951e+00  -6.262370e+00
3.993127e+00  -6.857760e+00
3.993304e+00  -5.984619e+00
3.993480e+00  -6.455003e+00
3.993657e+00  -6.625889e+00
3.993833e+00  -5.945405e+00
3.994009e+00  -6.809812e+00
3.994185e+00  -7.388788e+00
3.994361e+00  -6.455003e+00
3.994537e+00  -6.455003e+00
3.994713e+00  -6.190811e+00
3.994889e+00  -5.915189e+00
3.995065e+00  -5.789560e+00
3.995240e+00  -5.951653e+00
3.995416e+00  -5.845377e+00
3.995591e+00  -5.764130e+00
3.995767e+00  -5.991462e+00
3.995942e+00  -5.845377e+00
3.996117e+00  -6.857760e+00
3.996293e+00  -7.243756e+00
3.996468e+00  -6.857760e+00
3.996643e+00  -6.625889e+00
3.996818e+00  -6.262370e+00
3.996993e+00  -6.075591e+00
3.997168e+00  -6.262370e+00
3.997343e+00  -5.909441e+00
3.997517e+00  -6.138971e+00
3.997692e+00  -5.984619e+00
3.997867e+00  -5.789560e+00
3.998041e+00  -6.027727e+00
3.998216e+00  -6.075591e+00
3.998390e+00  -5.816573e+00
3.998564e+00  -6.857760e+00
3.998739e+00  -5.951653e+00
3.998913e+00  -6.027727e+00
3.999087e+00  -6.035290e+00
3.999261e+00  -7.243756e+00
3.999435e+00  -7.243756e+00
3.999609e+00  -6.809812e+00
3.999783e+00  -5.945405e+00
3.999957e+00  -5.876229e+00
