#  N     trapezoid       Milne        GSL  
#-----------------------------------------
0.477121  -3.472141e+00  -1.342667e-01
6.989700e-01  -4.667877e+00  -1.000484e-01
8.450980e-01  -5.364214e+00  -7.761265e-02
9.542425e-01  -5.884180e+00  -9.348690e-02
1.041393e+00  -6.258624e+00  -8.177510e-02
1.113943e+00  -6.571210e+00  -9.121708e-02
1.176091e+00  -6.759172e+00  -8.331440e-02
1.230449e+00  -7.097897e+00  -7.651683e-02
1.278754e+00  -7.097897e+00  -8.410489e-02
1.322219e+00  -6.759172e+00  -7.878369e-02
1.361728e+00  -6.759172e+00  -8.458368e-02
1.397940e+00  -7.097897e+00  -8.021710e-02
1.431364e+00  -7.097897e+00  -7.622673e-02
1.462398e+00  -7.097897e+00  -8.120377e-02
1.491362e+00  -7.097897e+00  -7.777116e-02
1.518514e+00  -7.839390e+00  -8.192379e-02
1.544068e+00  -7.097897e+00  -7.891419e-02
1.568202e+00  -7.839390e+00  -7.609165e-02
1.591065e+00  -7.839390e+00  -7.979378e-02
1.612784e+00  -6.759172e+00  -7.726179e-02
1.633468e+00  -7.839390e+00  -8.049134e-02
1.653213e+00  -7.097897e+00  -7.819668e-02
1.672098e+00  -7.097897e+00  -7.601350e-02
1.690196e+00  -6.759172e+00  -7.896051e-02
1.707570e+00  -7.097897e+00  -7.695515e-02
1.724276e+00  -7.839390e+00  -7.959619e-02
1.740363e+00  -7.097897e+00  -7.774241e-02
1.755875e+00  -6.759172e+00  -7.596257e-02
1.770852e+00  -7.839390e+00  -7.841024e-02
1.785330e+00  -7.097897e+00  -7.675029e-02
1.799341e+00  -6.963499e+00  -7.898384e-02
1.812913e+00  -6.963499e+00  -7.742899e-02
1.826075e+00  -7.097897e+00  -7.592673e-02
1.838849e+00  -7.097897e+00  -7.801975e-02
1.851258e+00  -7.839390e+00  -7.660375e-02
1.863323e+00  -7.839390e+00  -7.853858e-02
1.875061e+00  -6.963499e+00  -7.719970e-02
1.886491e+00  -7.839390e+00  -7.590011e-02
1.897627e+00  -7.097897e+00  -7.772826e-02
1.908485e+00  -7.839390e+00  -7.649373e-02
1.919078e+00  -7.839390e+00  -7.820022e-02
1.929419e+00  -6.963499e+00  -7.702468e-02
1.939519e+00  -6.759172e+00  -7.587962e-02
1.949390e+00  -7.097897e+00  -7.750238e-02
1.959041e+00  -7.097897e+00  -7.640808e-02
1.968483e+00  -7.097897e+00  -7.793440e-02
1.977724e+00  -6.963499e+00  -7.688671e-02
1.986772e+00  -6.571210e+00  -7.586331e-02
1.995635e+00  -6.759172e+00  -7.732217e-02
2.004321e+00  -6.963499e+00  -7.633952e-02
2.012837e+00  -6.759172e+00  -7.772006e-02
2.021189e+00  -6.759172e+00  -7.677514e-02
2.029384e+00  -7.839390e+00  -7.585005e-02
2.037426e+00  -7.097897e+00  -7.717507e-02
2.045323e+00  -6.963499e+00  -7.628340e-02
2.053078e+00  -7.097897e+00  -7.754357e-02
2.060698e+00  -6.963499e+00  -7.668303e-02
2.068186e+00  -7.097897e+00  -7.583903e-02
2.075547e+00  -7.097897e+00  -7.705271e-02
2.082785e+00  -7.097897e+00  -7.623662e-02
2.089905e+00  -6.963499e+00  -7.739569e-02
2.096910e+00  -6.759172e+00  -7.660574e-02
2.103804e+00  -7.839390e+00  -7.582976e-02
2.110590e+00  -7.839390e+00  -7.694936e-02
2.117271e+00  -7.839390e+00  -7.619700e-02
2.123852e+00  -6.759172e+00  -7.726999e-02
2.130334e+00  -7.097897e+00  -7.653994e-02
2.136721e+00  -6.526726e+00  -7.582181e-02
2.143015e+00  -7.097897e+00  -7.686089e-02
2.149219e+00  -6.963499e+00  -7.616304e-02
2.155336e+00  -7.839390e+00  -7.716187e-02
2.161368e+00  -7.839390e+00  -7.648322e-02
2.167317e+00  -7.839390e+00  -7.581497e-02
2.173186e+00  -6.963499e+00  -7.678428e-02
2.178977e+00  -6.692373e+00  -7.613360e-02
2.184691e+00  -6.526726e+00  -7.706785e-02
2.190332e+00  -7.839390e+00  -7.643389e-02
2.195900e+00  -6.963499e+00  -7.580896e-02
2.201397e+00  -6.759172e+00  -7.671735e-02
2.206826e+00  -7.097897e+00  -7.610785e-02
2.212188e+00  -6.759172e+00  -7.698533e-02
2.217484e+00  -6.963499e+00  -7.639053e-02
2.222716e+00  -6.759172e+00  -7.580370e-02
2.227887e+00  -6.759172e+00  -7.665833e-02
2.232996e+00  -7.839390e+00  -7.608510e-02
2.238046e+00  -6.440455e+00  -7.691235e-02
2.243038e+00  -6.526726e+00  -7.635217e-02
2.247973e+00  -6.440455e+00  -7.579903e-02
2.252853e+00  -6.759172e+00  -7.660590e-02
2.257679e+00  -6.692373e+00  -7.606489e-02
2.262451e+00  -6.407105e+00  -7.684732e-02
2.267172e+00  -6.759172e+00  -7.631792e-02
2.271842e+00  -6.963499e+00  -7.579485e-02
2.276462e+00  -6.963499e+00  -7.655904e-02
2.281033e+00  -7.097897e+00  -7.604680e-02
2.285557e+00  -7.839390e+00  -7.678905e-02
2.290035e+00  -6.692373e+00  -7.628721e-02
2.294466e+00  -6.963499e+00  -7.579110e-02
2.298853e+00  -6.571210e+00  -7.651688e-02
2.303196e+00  -6.526726e+00  -7.603050e-02
2.307496e+00  -7.097897e+00  -7.673648e-02
2.311754e+00  -6.759172e+00  -7.625954e-02
2.315970e+00  -6.963499e+00  -7.578769e-02
2.320146e+00  -6.963499e+00  -7.647878e-02
2.324282e+00  -6.963499e+00  -7.601577e-02
2.328380e+00  -7.839390e+00  -7.668885e-02
2.332438e+00  -6.759172e+00  -7.623439e-02
2.336460e+00  -6.963499e+00  -7.578462e-02
2.340444e+00  -6.313417e+00  -7.644412e-02
2.344392e+00  -6.963499e+00  -7.600238e-02
2.348305e+00  -6.963499e+00  -7.664550e-02
2.352183e+00  -6.313417e+00  -7.621151e-02
2.356026e+00  -7.097897e+00  -7.578184e-02
2.359835e+00  -6.692373e+00  -7.641252e-02
2.363612e+00  -6.692373e+00  -7.599015e-02
2.367356e+00  -6.963499e+00  -7.660585e-02
2.371068e+00  -6.692373e+00  -7.619059e-02
2.374748e+00  -6.571210e+00  -7.577926e-02
2.378398e+00  -7.097897e+00  -7.638357e-02
2.382017e+00  -6.526726e+00  -7.597895e-02
2.385606e+00  -6.407105e+00  -7.656944e-02
2.389166e+00  -7.839390e+00  -7.617138e-02
2.392697e+00  -7.839390e+00  -7.577688e-02
2.396199e+00  -6.526726e+00  -7.635693e-02
2.399674e+00  -7.839390e+00  -7.596862e-02
2.403121e+00  -6.963499e+00  -7.653594e-02
2.406540e+00  -7.839390e+00  -7.615367e-02
2.409933e+00  -7.097897e+00  -7.577471e-02
2.413300e+00  -7.097897e+00  -7.633235e-02
2.416641e+00  -6.692373e+00  -7.595910e-02
2.419956e+00  -6.692373e+00  -7.650499e-02
2.423246e+00  -7.097897e+00  -7.613729e-02
2.426511e+00  -6.963499e+00  -7.577269e-02
2.429752e+00  -6.963499e+00  -7.630959e-02
2.432969e+00  -7.839390e+00  -7.595028e-02
2.436163e+00  -7.839390e+00  -7.647629e-02
2.439333e+00  -7.839390e+00  -7.612212e-02
2.442480e+00  -6.963499e+00  -7.577080e-02
2.445604e+00  -7.097897e+00  -7.628850e-02
2.448706e+00  -7.839390e+00  -7.594210e-02
2.451786e+00  -6.759172e+00  -7.644962e-02
2.454845e+00  -6.963499e+00  -7.610802e-02
2.457882e+00  -6.440455e+00  -7.576906e-02
2.460898e+00  -7.097897e+00  -7.626882e-02
2.463893e+00  -6.963499e+00  -7.593446e-02
2.466868e+00  -7.097897e+00  -7.642477e-02
2.469822e+00  -7.839390e+00  -7.609486e-02
2.472756e+00  -6.571210e+00  -7.576744e-02
2.475671e+00  -7.097897e+00  -7.625051e-02
2.478566e+00  -7.097897e+00  -7.592734e-02
2.481443e+00  -7.097897e+00  -7.640154e-02
2.484300e+00  -6.759172e+00  -7.608256e-02
2.487138e+00  -7.839390e+00  -7.576594e-02
2.489958e+00  -6.963499e+00  -7.623331e-02
2.492760e+00  -6.407105e+00  -7.592067e-02
2.495544e+00  -6.407105e+00  -7.637980e-02
2.498311e+00  -6.692373e+00  -7.607105e-02
2.501059e+00  -7.097897e+00  -7.576450e-02
2.503791e+00  -6.963499e+00  -7.621725e-02
2.506505e+00  -7.097897e+00  -7.591443e-02
2.509203e+00  -6.571210e+00  -7.635942e-02
2.511883e+00  -7.839390e+00  -7.606026e-02
2.514548e+00  -7.839390e+00  -7.576317e-02
2.517196e+00  -7.097897e+00  -7.620213e-02
2.519828e+00  -6.963499e+00  -7.590855e-02
2.522444e+00  -7.097897e+00  -7.634027e-02
2.525045e+00  -7.097897e+00  -7.605011e-02
2.527630e+00  -6.440455e+00  -7.576189e-02
2.530200e+00  -7.097897e+00  -7.618794e-02
2.532754e+00  -6.571210e+00  -7.590304e-02
2.535294e+00  -6.440455e+00  -7.632222e-02
2.537819e+00  -7.839390e+00  -7.604057e-02
2.540329e+00  -7.097897e+00  -7.576074e-02
2.542825e+00  -6.963499e+00  -7.617457e-02
2.545307e+00  -6.759172e+00  -7.589786e-02
2.547775e+00  -7.839390e+00  -7.630519e-02
2.550228e+00  -6.526726e+00  -7.603152e-02
2.552668e+00  -6.963499e+00  -7.575959e-02
2.555094e+00  -6.692373e+00  -7.616191e-02
2.557507e+00  -6.759172e+00  -7.589293e-02
2.559907e+00  -6.692373e+00  -7.628911e-02
2.562293e+00  -6.340092e+00  -7.602301e-02
2.564666e+00  -6.692373e+00  -7.575853e-02
2.567026e+00  -6.571210e+00  -7.614994e-02
2.569374e+00  -6.526726e+00  -7.588827e-02
2.571709e+00  -6.759172e+00  -7.627386e-02
2.574031e+00  -7.839390e+00  -7.601492e-02
2.576341e+00  -7.839390e+00  -7.575752e-02
2.578639e+00  -6.526726e+00  -7.613864e-02
2.580925e+00  -6.692373e+00  -7.588387e-02
2.583199e+00  -6.963499e+00  -7.625944e-02
2.585461e+00  -6.759172e+00  -7.600729e-02
2.587711e+00  -6.340092e+00  -7.575660e-02
2.589950e+00  -6.759172e+00  -7.612788e-02
2.592177e+00  -7.097897e+00  -7.587968e-02
2.594393e+00  -6.759172e+00  -7.624573e-02
2.596597e+00  -6.692373e+00  -7.600000e-02
2.598791e+00  -6.963499e+00  -7.575567e-02
2.600973e+00  -7.097897e+00  -7.611768e-02
2.603144e+00  -7.097897e+00  -7.587572e-02
2.605305e+00  -6.440455e+00  -7.623270e-02
2.607455e+00  -6.571210e+00  -7.599313e-02
2.609594e+00  -6.963499e+00  -7.575485e-02
2.611723e+00  -7.097897e+00  -7.610797e-02
2.613842e+00  -6.692373e+00  -7.587193e-02
2.615950e+00  -6.963499e+00  -7.622030e-02
2.618048e+00  -6.963499e+00  -7.598653e-02
2.620136e+00  -6.963499e+00  -7.575400e-02
2.622214e+00  -6.759172e+00  -7.609873e-02
2.624282e+00  -6.692373e+00  -7.586835e-02
2.626340e+00  -6.130844e+00  -7.620853e-02
2.628389e+00  -6.340092e+00  -7.598027e-02
2.630428e+00  -7.839390e+00  -7.575323e-02
2.632457e+00  -6.236397e+00  -7.608986e-02
2.634477e+00  -7.839390e+00  -7.586492e-02
2.636488e+00  -6.759172e+00  -7.619726e-02
2.638489e+00  -6.963499e+00  -7.597430e-02
2.640481e+00  -6.759172e+00  -7.575248e-02
2.642465e+00  -6.571210e+00  -7.608150e-02
2.644439e+00  -6.692373e+00  -7.586162e-02
2.646404e+00  -6.759172e+00  -7.618653e-02
2.648360e+00  -7.839390e+00  -7.596860e-02
2.650308e+00  -6.440455e+00  -7.575178e-02
2.652246e+00  -7.097897e+00  -7.607347e-02
2.654177e+00  -6.759172e+00  -7.585849e-02
2.656098e+00  -6.692373e+00  -7.617621e-02
2.658011e+00  -6.759172e+00  -7.596314e-02
2.659916e+00  -7.097897e+00  -7.575111e-02
2.661813e+00  -7.839390e+00  -7.606574e-02
2.663701e+00  -7.839390e+00  -7.585549e-02
2.665581e+00  -6.963499e+00  -7.616641e-02
2.667453e+00  -6.963499e+00  -7.595791e-02
2.669317e+00  -6.440455e+00  -7.575044e-02
2.671173e+00  -6.190052e+00  -7.605841e-02
2.673021e+00  -6.407105e+00  -7.585264e-02
2.674861e+00  -6.440455e+00  -7.615698e-02
2.676694e+00  -6.759172e+00  -7.595293e-02
2.678518e+00  -7.097897e+00  -7.574983e-02
2.680336e+00  -7.097897e+00  -7.605134e-02
2.682145e+00  -6.759172e+00  -7.584991e-02
2.683947e+00  -6.963499e+00  -7.614796e-02
2.685742e+00  -6.571210e+00  -7.594815e-02
2.687529e+00  -6.571210e+00  -7.574924e-02
2.689309e+00  -6.526726e+00  -7.604458e-02
2.691081e+00  -6.759172e+00  -7.584726e-02
2.692847e+00  -7.097897e+00  -7.613931e-02
2.694605e+00  -7.839390e+00  -7.594352e-02
2.696356e+00  -6.692373e+00  -7.574865e-02
2.698101e+00  -7.097897e+00  -7.603809e-02
2.699838e+00  -6.759172e+00  -7.584474e-02
